Molecule	Hydrogen	Deuterium	Methane	Water	Acetylene	Carbon monoxide	Ethylene	Ethane	Oxygen	Argon	Cyclopropene	Allene	Propyne	Propene	Carbon dioxide	Propane	Ethanol	1,3-Butadiyne	1-Buten-3-yne	1,3-Butadiene	1-Butyne	2-Butyne
Cycle_1	0.00018151090187250895	2.9901603698756596e-06	0.0	0.0034096275148459178	0.0	0.01780957788940217	0.0	0.0006938134550063528	0.002752349596733379	1.0088178104043843	0.0	0.0	0.0	0.0	0.0003822830854773661	9.231499893130829e-05	0.0	0.0	0.0	0.0	0.0002573848252754965	0.0
Cycle_2	0.00018067853366276232	4.673522099976384e-06	0.0	0.0035282157199172984	0.0	0.01731988848401864	0.0	0.0007061748494788719	0.0028204959557821107	1.0089960725040719	0.0	0.0	0.0	0.0	0.0003795358212876112	8.893958953089896e-05	0.0	0.0	0.0	0.0	0.0002542777486242363	0.0
Cycle_3	0.0001805194184614747	4.054336540455848e-06	0.0	0.0034500924212967046	0.0	0.015363408539752089	0.0	0.0005270433243369003	0.0027209222500833704	1.0088683866453279	0.0	0.0	0.0	0.0	0.000349197610117823	0.00012635579296981736	0.0	0.0	0.0	0.0	0.00027128354925602715	0.0
Cycle_4	0.00017803980182887105	3.0688111972582968e-06	0.0	0.003374692071434202	0.0	0.015456478913193515	0.0	0.0005043849241423495	0.002647321168913208	1.0089561063909749	0.0	0.0	0.0	0.0	0.00029535168876867535	0.0001251871287940383	0.0	0.0	0.0	0.0	0.00027905599924876983	0.0
Cycle_5	0.00017227692715802208	3.931161152310232e-06	0.000110435507453201	0.0033787889102095377	0.0	0.02572946766885486	0.0	0.0	6.360166354536719e-05	1.0096050683532578	0.0	0.0	0.0	0.0	0.0	0.000382713850525441	0.0	0.0	0.0	0.0	0.00027764857712325985	0.0
Cycle_6	0.21965872935977618	6.513285754925836e-06	0.0005464502337587647	0.005077347397855565	0.005321563530435875	0.032190635663865284	0.0029595132582554036	0.0	9.383556998524553e-06	1.0087068411381452	0.0	0.0	0.0	0.0	0.0	0.00038626946396451043	0.0	0.0	0.0	0.0	0.00047092984608630614	0.0
Cycle_7	0.22616326188073158	5.622387546013993e-06	0.0005864124185456208	0.005369509262453435	0.00522704709394891	0.033125857440448894	0.003377612704388174	0.0	2.153963246243382e-06	1.0087286802565902	0.0	0.0	0.0	0.0	0.0	0.0003870094708218442	0.0	0.0	0.0	0.0	0.0004589713172694699	0.0
Cycle_8	0.22762173313311468	5.473917493110113e-06	0.0006062134110550218	0.005603051087367602	0.004851255425628742	0.03393112118932129	0.0034927665965057597	0.0	2.0327867297999242e-06	1.0089175141507265	0.0	0.0	0.0	0.0	0.0	0.0003804928970227064	0.0	0.0	0.0	0.0	0.00046616654120060593	0.0
Cycle_9	0.22685941764302972	6.9561666371193795e-06	0.0006075008819651106	0.005790351856041668	0.004963947290327699	0.033569103003107253	0.003522507957861735	0.0	2.9068749362266484e-06	1.0089350850509975	0.0	0.0	0.0	0.0	0.0	0.0003860937200303735	0.0	0.0	0.0	0.0	0.0004601195063353423	0.0
Cycle_10	0.22953531946559044	5.842873261625165e-06	0.0006055632618844634	0.005870520834434841	0.0051637436052061735	0.03410903568215798	0.0035644354623093322	0.0	0.0	1.0089886739995622	0.0	0.0	0.0	0.0	0.0	0.0003912043499017603	0.0	0.0	0.0	0.0	0.00047307441247305726	0.0
Cycle_11	0.2266373219363827	6.394822496971851e-06	0.0006735354269597243	0.005956880385439855	0.0050332670841881835	0.033798342809934136	0.0035229443523443213	0.0	0.0	1.0090719985874455	0.0	0.0	0.0	0.0	0.0	0.00039271867597430617	0.0	0.0	0.0	0.0	0.00047256314853672254	0.0
Cycle_12	0.22717201355651048	6.586434465616311e-06	0.0005873308305580866	0.006024978603746873	0.005047840911219197	0.03465752515162662	0.00362213493448033	0.0	0.0	1.0090821001108892	0.0	0.0	0.0	0.0	0.0	0.00038700150856009447	0.0	0.0	0.0	0.0	0.0004759521073737658	0.0
Cycle_13	0.2287880423586218	8.329202972945752e-06	0.0006083142556022496	0.006022132476109314	0.005479266024569822	0.03350196766622525	0.0035474558027828165	0.0	1.451278589317312e-06	1.0091039159004191	0.0	0.0	0.0	0.0	0.0	0.0003903221173141244	0.0	0.0	0.0	0.0	0.0004770799544415408	0.0
Cycle_14	0.229149108245094	6.8415668286947654e-06	0.0006553395228377197	0.005996226362729743	0.005260730256744549	0.03306873104228361	0.003685823704819971	0.0	0.0	1.0092803551144616	0.0	0.0	0.0	0.0	0.0	0.00039290532175914383	0.0	0.0	0.0	0.0	0.0004834976454131575	0.0
Cycle_15	0.2278791657697069	8.133953722602913e-06	0.0006134417394343918	0.005966843164994309	0.0056130653063555195	0.031860985833999926	0.0035317143359768505	0.0	0.0	1.0091544191325472	0.0	0.0	0.0	0.0	0.0	0.0003911829321041299	0.0	0.0	0.0	0.0	0.0004898486630750513	0.0
Cycle_16	0.22962728590332096	7.3651540270114235e-06	0.0006921613813658824	0.005938850754014232	0.005592770263288103	0.032429728367268165	0.003537487889009693	0.0	0.0	1.0092112375853812	0.0	0.0	0.0	0.0	0.0	0.00038870855344057384	0.0	0.0	0.0	0.0	0.0004836473784884687	0.0
Cycle_17	0.2270642766640526	7.422304610158642e-06	0.0005104728179876989	0.005911853662229433	0.0059859162199411165	0.031402453324486455	0.003553116089249142	0.0	0.0	1.0091543572805857	0.0	0.0	0.0	0.0	0.0	0.0003879986958424318	0.0	0.0	0.0	0.0	0.00048670187382159947	0.0
Cycle_18	0.22601283117573748	7.549258529297775e-06	0.0005451738622932934	0.005857965035403248	0.005961610833747531	0.030809063767005002	0.0034353554492283895	0.0	0.0	1.009177270418054	0.0	0.0	0.0	0.0	0.0	0.0003924607535418247	0.0	0.0	0.0	0.0	0.00048690621988586966	0.0
Cycle_19	0.22308623544221878	7.697626447450967e-06	0.0005835042767227867	0.005813444819554904	0.006250499091974444	0.030194090639484177	0.003367579112883833	0.0	0.0	1.009165470413825	0.0	0.0	0.0	0.0	0.0	0.0003880814824772978	0.0	0.0	0.0	0.0	0.0004946326748725723	0.0
Cycle_20	0.22507668393773123	7.703045479333914e-06	0.0005323303463824227	0.005801249288644137	0.006508061999035208	0.029380252496718797	0.0033645016810664686	0.0	0.0	1.0091617843445733	0.0	0.0	0.0	0.0	0.0	0.00038954204427150757	0.0	0.0	0.0	0.0	0.0004981452971227867	0.0
Cycle_21	0.22279602583240107	8.024716105950828e-06	0.0005918889617547184	0.005789100615848508	0.006885984754457666	0.029246873922501537	0.0032060090452498474	0.0	0.0	1.0092259598373705	0.0	0.0	0.0	0.0	0.0	0.00040073685829455176	0.0	0.0	0.0	0.0	0.0005014241834302833	0.0
Cycle_22	0.22395818429093906	8.575172984938745e-06	0.0005850110691015948	0.005775060176788532	0.0069091790117117025	0.028533253945470245	0.0031540151532044687	0.0	3.421993642458323e-06	1.009244569683745	0.0	0.0	0.0	0.0	0.0	0.0004015482261696965	0.0	0.0	0.0	0.0	0.000497958762595269	0.0
Cycle_23	0.22487038183629685	8.836836606475526e-06	0.0005803093663044574	0.005754399354694468	0.006882873378805389	0.028028911086527854	0.003133715867270363	0.0	0.0	1.0091944007739624	0.0	0.0	0.0	0.0	0.0	0.00039989714467881024	0.0	1.2705556509941367e-06	0.0	0.0	0.00050557500892128	0.0
Cycle_24	0.2238421402151857	8.617387142916836e-06	0.0006419146810841853	0.005734515286349467	0.007116350137462517	0.028232907064094828	0.0030136544152735726	0.0	3.2712482998327927e-06	1.0092574700794201	0.0	0.0	0.0	0.0	0.0	0.0003975043973481733	0.0	6.051528471156555e-06	0.0	0.0	0.0004946995702491013	0.0
Cycle_25	0.22282328896681722	9.012795049757071e-06	0.00046792249324390287	0.005628801215746008	0.007321390343473521	0.02774060600655261	0.002963944399167006	0.0	0.0	1.0091902260688106	0.0	0.0	0.0	0.0	0.0	0.00039993599276323547	0.0	3.480911816716461e-06	0.0	0.0	0.0005102340344381674	0.0
Cycle_26	0.2238404069832416	8.236491964857587e-06	0.0006098209458373484	0.0056137551867410556	0.007404608823247588	0.027192833798173936	0.0028537277799638525	0.0	5.336097282790669e-06	1.0093013578198133	0.0	0.0	0.0	0.0	0.0	0.00040249146365327993	0.0	5.079691392782933e-06	0.0	0.0	0.0004988826659095106	0.0
Cycle_27	0.22254792946233162	8.615170404652804e-06	0.0006565065931165129	0.0055506354285139465	0.0074235679307485735	0.02646813216716595	0.002812307144112335	0.0	1.1516932488458092e-06	1.0093085575396943	0.0	0.0	0.0	0.0	0.0	0.0004074992615220975	0.0	1.2110697299045403e-05	0.0	0.0	0.0005083867870920608	0.0
Cycle_28	0.21919729146803532	8.50678721584712e-06	0.0006463850836237635	0.005590251183674692	0.007462287724196162	0.027381222706576322	0.002749234518202559	0.0	2.028624659879422e-06	1.009307545215496	0.0	0.0	0.0	0.0	0.0	0.00039765123858114676	0.0	1.692992830363553e-05	0.0	0.0	0.0005065688171305862	0.0
Cycle_29	0.22467313656347598	8.483513436415286e-06	0.0005955661771287629	0.005527334731077359	0.0077018233283107085	0.026521775856490015	0.002709538672212947	0.0	4.3179649880476435e-06	1.0092911017802815	0.0	0.0	0.0	0.0	0.0	0.00040856305100794323	0.0	1.5734635172534597e-05	0.0	0.0	0.000502460848474332	0.0
Cycle_30	0.21976327221355033	8.618324128106956e-06	0.0006553190478935905	0.005513302938949598	0.007927865330871814	0.026115188887503755	0.0025963011997647565	0.0	7.165045899841239e-07	1.0093530384197409	0.0	0.0	0.0	0.0	0.0	0.0004142075770626256	0.0	1.8840297425846893e-05	0.0	0.0	0.0005056519657238844	0.0
Cycle_31	0.22066921204269807	8.373587343059684e-06	0.0006581154149354845	0.00548648985933318	0.007931676579484036	0.025607245202494012	0.002492236241816844	0.0	2.9081760142384995e-06	1.0093583920856277	0.0	0.0	0.0	0.0	0.0	0.000409251569026592	0.0	1.4878908125400205e-05	0.0	0.0	0.000515989303200234	0.0
Cycle_32	0.220527651673572	8.692580322175682e-06	0.0006789114638754074	0.0054320010415900705	0.00799340111771589	0.025616856893917343	0.0024922736107333555	0.0	0.0	1.009254578981362	0.0	0.0	0.0	0.0	0.0	0.00041276390849058345	0.0	1.1400320431198383e-05	0.0	0.0	0.0005219953713314012	0.0
Cycle_33	0.21911845201568922	8.552562710099976e-06	0.0006957055776245007	0.0054030416169384005	0.007885572558944188	0.024997770323900485	0.002445278071407617	0.0	1.3870496140985152e-06	1.0092378440219076	0.0	0.0	0.0	0.0	0.0	0.0004178424378831488	0.0	1.4452341123815205e-05	0.0	0.0	0.0005168046122353764	0.0
Cycle_34	0.2200410194928903	9.061058274556987e-06	0.0006859301257957872	0.005369195996163409	0.00814314463415576	0.025005947303407657	0.0023409693040552333	0.0	2.901356120440477e-06	1.009340464139743	0.0	0.0	0.0	0.0	0.0	0.0004182787304681806	0.0	1.997720138597209e-05	0.0	0.0	0.0005138454382716894	0.0
Cycle_35	0.2205777421922071	8.592797973693011e-06	0.0007079290402365787	0.0053745815688284486	0.008386330671364984	0.024964731789650724	0.0022559367770849425	0.0	7.700546559772461e-06	1.009260562213281	0.0	0.0	0.0	0.0	0.0	0.0004111067681781506	0.0	2.2764111168655933e-05	0.0	0.0	0.00050335838010486	0.0
Cycle_36	0.2152230807640958	8.640759909736074e-06	0.0006571965931225276	0.005260806428448396	0.0083267205312938	0.024488644079389898	0.0021802999603612355	0.0	0.0	1.0093147528802036	0.0	0.0	0.0	0.0	0.0	0.0004212676297816917	0.0	1.979191282279956e-05	0.0	0.0	0.0005142882630850765	0.0
Cycle_37	0.2192209219748235	9.25462666031098e-06	0.0006904849148677379	0.005324186727715772	0.008498955653011255	0.024400572440816674	0.0020956674711362076	0.0	3.6298655319822365e-06	1.0093994308485699	0.0	0.0	0.0	0.0	0.0	0.00043005015534850323	0.0	2.5960149921244946e-05	0.0	0.0	0.0005004229341125695	0.0
Cycle_38	0.21653697589834667	9.459249239519992e-06	0.0006463976996622105	0.0052323589293012465	0.008510371340872359	0.023967288334088926	0.0020988412080437525	0.0	2.269410700285589e-06	1.0092711547481736	0.0	0.0	0.0	0.0	0.0	0.0004287419524007535	0.0	1.984061494635072e-05	0.0	0.0	0.0005122848401823534	0.0
Cycle_39	0.21717809463872406	8.53513063690033e-06	0.0007373331976699046	0.005254185715889273	0.00858494919340325	0.02411413887390414	0.0020284865719411758	0.0	4.70225248352459e-06	1.0093348364697725	0.0	0.0	0.0	0.0	0.0	0.00042912125414257377	0.0	2.7516237094456175e-05	0.0	0.0	0.0005053770784159093	0.0
Cycle_40	0.22027645043421318	8.787296531012265e-06	0.0006911758847989144	0.0052146745364723	0.008570454627337215	0.024040341497348933	0.0019970326629009097	0.0	2.823441210995035e-06	1.0093752979782595	0.0	0.0	0.0	0.0	0.0	0.0004297229987298541	0.0	2.6301844281414713e-05	0.0	0.0	0.0005111252394611698	0.0
Cycle_41	0.22103947218547362	9.789350636812077e-06	0.0006650429674866651	0.005158477006583977	0.008704711094997472	0.02362040026619759	0.0018899116046966482	0.0	3.997538774551066e-06	1.0093559809001245	0.0	0.0	0.0	0.0	0.0	0.0004295815348793056	0.0	2.1662868025921347e-05	0.0	0.0	0.0005237500207627491	0.0
Cycle_42	0.2179654481801328	8.605023472856271e-06	0.0006236202611306655	0.005162193423934312	0.008931079252562677	0.023572887364251383	0.0017427808937297343	0.0	0.0	1.0092942825201228	0.0	0.0	0.0	0.0	0.0	0.0004309394917960379	0.0	2.6056009274956965e-05	0.0	0.0	0.0005238891260651418	0.0
Cycle_43	0.21789688165478918	9.013956250250414e-06	0.0007051321418766677	0.005150807503591007	0.008849013702813345	0.023497395680927496	0.001813454645191044	0.0	2.931923824135146e-06	1.0093001215961699	0.0	0.0	0.0	0.0	0.0	0.0004347690804184404	0.0	2.934329223738533e-05	0.0	0.0	0.0005188340101378457	0.0
Cycle_44	0.21954488593612453	8.662080538452256e-06	0.0005880025524644394	0.005136195952294917	0.008896676356307257	0.023164543710260322	0.0016693276549201738	0.0	3.2383060539857557e-07	1.0092750559773611	0.0	0.0	0.0	0.0	0.0	0.0004251395178265413	0.0	2.626994158204452e-05	0.0	0.0	0.0005249509610521271	0.0
Cycle_45	0.22022112829212273	1.0167571288706065e-05	0.0007661953930901884	0.005095332049936042	0.008899133241513018	0.023224400672307986	0.0016888183172320671	0.0	4.783828339471942e-06	1.0093724261184918	0.0	0.0	0.0	0.0	0.0	0.00043310120643416926	0.0	3.1851067534038675e-05	0.0	0.0	0.0005124381069820256	0.0
Cycle_46	0.21933861818323636	1.0232173272896078e-05	0.0006554665522081368	0.005088217432606887	0.009156959106212035	0.023320379605953987	0.001586260258324809	0.0	5.900184093206255e-06	1.0092655691227608	0.0	0.0	0.0	0.0	0.0	0.0004325752990984733	0.0	2.5906104168002094e-05	0.0	0.0	0.0005272211324625045	0.0
Cycle_47	0.21772907715575154	8.59311353813071e-06	0.0006862304738445428	0.005071820256079493	0.009032978635984967	0.02263463141900344	0.0015009846186144753	0.0	3.6909600351805975e-06	1.0093598421358252	0.0	0.0	0.0	0.0	0.0	0.0004409127594223124	0.0	2.6902741885406936e-05	0.0	0.0	0.000522754509548512	0.0
Cycle_48	0.218552214948102	9.111290908567814e-06	0.0007096286435590855	0.005030439129971884	0.009063364504345722	0.022696069285530914	0.0015214091776601436	0.0	8.940096716750225e-06	1.009287700541131	0.0	0.0	0.0	0.0	0.0	0.00043582029443104683	0.0	2.744163157184476e-05	0.0	0.0	0.000532364774087166	0.0
Cycle_49	0.21846229178637402	9.449901330601054e-06	0.0006809368941145188	0.004960281673149478	0.009301052933545764	0.022786658132522102	0.0014105040024027082	0.0	0.0	1.0093110326119983	0.0	0.0	0.0	0.0	0.0	0.00043239684940532606	0.0	2.6995164509468573e-05	0.0	0.0	0.0005328666912468534	0.0
Cycle_50	0.21650022197017466	9.251230560473704e-06	0.0006820998696498169	0.004938994364642779	0.009313405834033719	0.022469741808222376	0.0013657060314767413	0.0	2.651591892624595e-06	1.0093443595703409	0.0	0.0	0.0	0.0	0.0	0.0004475300285534372	0.0	2.8761333813656697e-05	0.0	0.0	0.0005232609268728159	0.0
Cycle_51	0.21904054898887035	9.30356724173617e-06	0.0006846849862627529	0.004964092475868139	0.009102663182243197	0.02270945665493861	0.001388254809417373	0.0	0.0	1.009341057946735	0.0	0.0	0.0	0.0	0.0	0.0004413771361466825	0.0	2.415730791900634e-05	0.0	0.0	0.0005333340743173866	0.0
Cycle_52	0.2168654588803583	9.10352994724445e-06	0.0007421764446255425	0.004949620370107748	0.009196872934388851	0.022679447585307176	0.0013629437472453309	0.0	0.0	1.009318861644718	0.0	0.0	0.0	0.0	0.0	0.00043927850708823314	0.0	2.5902607348654015e-05	0.0	0.0	0.0005352340364104168	0.0
Cycle_53	0.21781695524640599	9.542167963135558e-06	0.0006907451950123846	0.0048848521752856726	0.009469234518778069	0.02239817515324669	0.0012094785983398802	0.0	5.580232238430738e-07	1.009384049762831	0.0	0.0	0.0	0.0	0.0	0.00044896329454367957	0.0	2.9979257134287304e-05	0.0	0.0	0.0005262898881619212	0.0
Cycle_54	0.21698638039777848	7.877671171575666e-06	0.000652581258734714	0.0048859659220582595	0.009348514266496398	0.022096044724858998	0.0012584330469358489	0.0	1.2128018752069945e-06	1.009328396370759	0.0	0.0	0.0	0.0	0.0	0.0004486402398158739	0.0	3.348577151205238e-05	0.0	0.0	0.0005246744375574225	0.0
Cycle_55	0.22017936231362636	9.42923700888987e-06	0.0007358688590889947	0.004877099134158924	0.009091100245279805	0.022011651482604627	0.0012876432402064	0.0	5.617992706325296e-06	1.00936972442921	0.0	0.0	0.0	0.0	0.0	0.00044476208478795153	0.0	3.6983354831300465e-05	0.0	0.0	0.0005252254445185829	0.0
Cycle_56	0.2173324437097495	8.956746695694385e-06	0.0006483979259290498	0.004824494313774734	0.009492325821282762	0.022064440207803154	0.0011786885640619855	0.0	2.397752621891522e-06	1.0093012765978322	0.0	0.0	0.0	0.0	0.0	0.00044004037218156887	0.0	2.5719078270394986e-05	0.0	0.0	0.0005305983323160662	0.0
Cycle_57	0.21664011377862144	9.322128827482024e-06	0.0007759771639310008	0.004797520330344558	0.009490061483316313	0.022292600611724153	0.0011255816509381299	0.0	0.0	1.0093178507232046	0.0	0.0	0.0	0.0	0.0	0.0004406414492880676	0.0	2.5591939967425882e-05	0.0	0.0	0.0005325537089001918	0.0
Cycle_58	0.2181403351010477	9.41230387278716e-06	0.0007978766209877564	0.004796538609863887	0.009436045727877849	0.022043434072754713	0.0010630547567811416	0.0	0.0	1.009342892451612	0.0	0.0	0.0	0.0	0.0	0.0004593054117777881	0.0	3.390951149673402e-05	0.0	0.0	0.0005227134734373082	0.0
Cycle_59	0.21896140044060564	9.573903913444337e-06	0.0007069320023957054	0.004760053389254301	0.009495661265519541	0.021966856253119397	0.0010269898803336186	0.0	6.071472082238038e-06	1.0093647738313223	0.0	0.0	0.0	0.0	0.0	0.0004573216280354126	0.0	3.735715684972703e-05	0.0	0.0	0.0005203535891531889	0.0
Cycle_60	0.21926053895443273	8.853389542534532e-06	0.000726435943521241	0.004737894826453426	0.009637941612186294	0.021886096328668007	0.0010099192980827561	0.0	0.0	1.009305338019401	0.0	0.0	0.0	0.0	0.0	0.00044885756021898	0.0	3.337969295013718e-05	0.0	0.0	0.0005288659750169674	0.0
Cycle_61	0.2215825245815553	9.910950640750708e-06	0.0006997161626649158	0.004731508188235786	0.009710287014793895	0.021950045870871442	0.0009666103820958586	0.0	0.0	1.0094245434097335	0.0	0.0	0.0	0.0	0.0	0.00045364963695233585	0.0	2.8595230301083356e-05	0.0	0.0	0.0005441764507412489	0.0
Cycle_62	0.21886788284464387	9.447946048799297e-06	0.0006966385971501166	0.004691154328657679	0.00967326138700943	0.021701528385657413	0.0009063987337141284	0.0	8.746982691978017e-07	1.0093893832775105	0.0	0.0	0.0	0.0	0.0	0.00045105174605847406	0.0	3.849059567434522e-05	0.0	0.0	0.0005182644314762442	0.0
Cycle_63	0.22203367612113234	8.380338373969792e-06	0.0008364408163825803	0.00466140261834483	0.009709261465661114	0.021931478127425824	0.0008579016218136074	0.0	0.0	1.0093231111018306	0.0	0.0	0.0	0.0	0.0	0.00044741006268557806	0.0	3.1408083924675696e-05	0.0	0.0	0.0005403650399369078	0.0
Cycle_64	0.21979708851807397	9.076202754391516e-06	0.0007503416669366572	0.004637387965728231	0.009631184064130655	0.021555534447706918	0.0008498437824450434	0.0	3.4680242723618754e-07	1.0093834670400965	0.0	0.0	0.0	0.0	0.0	0.00045323791624985105	0.0	3.464552858047589e-05	0.0	0.0	0.0005362337729110277	0.0
Cycle_65	0.22130718285785056	8.241589826030714e-06	0.0007013627433328492	0.0046246171500455464	0.009765892559001082	0.021729461161322086	0.0008024332954861017	0.0	1.05459418200655e-06	1.00930082935934	0.0	0.0	0.0	0.0	0.0	0.0004494005372558266	0.0	3.483839526193646e-05	0.0	0.0	0.000529189481347413	0.0
Cycle_66	0.22069599538682416	9.276241488848785e-06	0.0008087691483137108	0.004591724599011052	0.009679090660272222	0.02174818756674399	0.0008253446233430143	0.0	6.448917437063378e-06	1.009415606388484	0.0	0.0	0.0	0.0	0.0	0.0004523068794550387	0.0	2.8927785230680712e-05	0.0	0.0	0.0005331744657605395	0.0
Cycle_67	0.22054897741772508	8.268284844792795e-06	0.0007224806749296629	0.004640992812949497	0.009846421162568392	0.021747152371017715	0.0007518032755424049	0.0	2.1994746751136723e-06	1.0093930481691848	0.0	0.0	0.0	0.0	0.0	0.000456150255426286	0.0	3.765730763586697e-05	0.0	0.0	0.00053594422613883	0.0
Cycle_68	0.21939235487660422	9.621452758889159e-06	0.0007781221816159085	0.004568096052104992	0.009807892678029267	0.02163283433754218	0.0007237628352425272	0.0	0.0	1.0093914658074477	0.0	0.0	0.0	0.0	0.0	0.0004620326379189644	0.0	2.7457104659617884e-05	0.0	0.0	0.0005391105826551156	0.0
Cycle_69	0.2200503265462851	9.40345144102324e-06	0.0006844140056319453	0.004560860847438078	0.009850778485216455	0.02150419984006779	0.0007098248970009288	0.0	2.5899025330872183e-06	1.0093409508693931	0.0	0.0	0.0	0.0	0.0	0.0004584284623431741	0.0	2.3794694823097146e-05	0.0	0.0	0.0005384121126063371	0.0
Cycle_70	0.21848337670277573	8.523264749261928e-06	0.0007516739773939197	0.004565937298042574	0.009817380564983403	0.0215192980988164	0.0006778927128935716	0.0	0.0	1.0093882363973266	0.0	0.0	0.0	0.0	0.0	0.00045807019520058306	0.0	2.9026071275640707e-05	0.0	0.0	0.0005411645483021568	0.0
Cycle_71	0.2205761895133386	1.0074578444195536e-05	0.0006600174964543017	0.004490282852675451	0.009860647207638304	0.021632778445486295	0.0006796446348641495	0.0	0.0	1.009372112811657	0.0	0.0	0.0	0.0	0.0	0.00045205979159898	0.0	3.531323169647599e-05	0.0	0.0	0.0005327654881840904	0.0
Cycle_72	0.22059823263147257	8.834918553556341e-06	0.0007457009409029866	0.004488820620907457	0.009882076620027071	0.021370644269101652	0.0006273742658616379	0.0	0.0	1.0093615188008793	0.0	0.0	0.0	0.0	0.0	0.000453447528166616	0.0	3.299109131436454e-05	0.0	0.0	0.0005382573954462659	0.0
Cycle_73	0.2219233774097285	9.942864563024397e-06	0.0008549474287576382	0.004512597716927797	0.00981383194885286	0.021498689044674713	0.0006222035472364122	0.0	0.0	1.0094325312754988	0.0	0.0	0.0	0.0	0.0	0.0004608808840311107	0.0	3.213822219975733e-05	0.0	0.0	0.0005395169819887087	0.0
Cycle_74	0.22298373200888386	9.488738262724162e-06	0.0006649459376316564	0.004482318154971288	0.009752342764616163	0.021243576627515425	0.0005786739029585884	0.0	0.0	1.0093906228029321	0.0	0.0	0.0	0.0	0.0	0.00046040489600792273	0.0	3.130207938861257e-05	0.0	0.0	0.0005368064926379947	0.0
Cycle_75	0.22013826437551312	9.879380507276747e-06	0.0007244762613194947	0.004460243558461308	0.009844362978350608	0.021316758219616667	0.0005894971619792344	0.0	1.6789701159814695e-07	1.0093929251465494	0.0	0.0	0.0	0.0	0.0	0.00045654145192361586	0.0	3.943929895132964e-05	0.0	0.0	0.0005250424898150921	0.0
Cycle_76	0.22483690499711625	9.256513108555665e-06	0.0007159332295026415	0.004442427620107024	0.009904267509637162	0.021352880506821083	0.0005106265496198668	0.0	1.075090747360677e-06	1.0094470944728335	0.0	0.0	0.0	0.0	0.0	0.00046610150228710635	0.0	3.434844301051219e-05	0.0	0.0	0.0005317196692451972	0.0
Cycle_77	0.22035673604235317	9.371480852693752e-06	0.0007275248633160303	0.004425050366525911	0.009886301843366724	0.021186940484297357	0.0005361319581504544	0.0	3.613019864484217e-06	1.0093316934292056	0.0	0.0	0.0	0.0	0.0	0.0004681016584719981	0.0	3.4226174081731405e-05	0.0	0.0	0.0005383636447816829	0.0
Cycle_78	0.22032428713083047	9.804225595437055e-06	0.0007399853661464805	0.004428934662389575	0.010035856105217622	0.021253334652544392	0.0004830393218466236	0.0	0.0	1.0094196254565577	0.0	0.0	0.0	0.0	0.0	0.0004536891102212075	0.0	3.4004594841948784e-05	0.0	0.0	0.0005435468483225445	0.0
Cycle_79	0.22358356496226395	9.12880960033714e-06	0.0007384271129547494	0.004425122642542313	0.010031821491493313	0.021251896859952057	0.0004705146694911619	0.0	0.0	1.0094279012778031	0.0	0.0	0.0	0.0	0.0	0.0004617810533573537	0.0	2.9551504211672013e-05	0.0	0.0	0.0005419858955110398	0.0
Cycle_80	0.22200202106040243	1.0043951310240867e-05	0.0007928880420521707	0.00441200161974614	0.010074304161171773	0.021342490598898964	0.00042695804584189876	0.0	0.0	1.0094437157956266	0.0	0.0	0.0	0.0	0.0	0.00046258162034804333	0.0	3.287923455268895e-05	0.0	0.0	0.0005434852522830536	0.0
Cycle_81	0.2216036552550088	9.566770630302487e-06	0.0007295089255199732	0.004401329906920742	0.009996690015575915	0.021253789010299028	0.00045075442161863745	0.0	0.0	1.009462350346785	0.0	0.0	0.0	0.0	0.0	0.00046636853780831274	0.0	3.3333249361660546e-05	0.0	0.0	0.0005400714622511082	0.0
Cycle_82	0.22276055882223864	9.16446821348099e-06	0.0007992486608182431	0.0043837024184238	0.009998730466417222	0.02126036607298624	0.00041364634681096606	0.0	1.3875344407332913e-06	1.0094401993408764	0.0	0.0	0.0	0.0	0.0	0.000470384484848314	0.0	3.294465997427924e-05	0.0	0.0	0.0005365944231168687	0.0
Cycle_83	0.22211711795253414	8.304117999568443e-06	0.0006926934917159288	0.004354798551496114	0.01000927744481082	0.021010826164184378	0.00040562880295846073	0.0	0.0	1.0094302024245012	0.0	0.0	0.0	0.0	0.0	0.00047322899815934323	0.0	3.650039281734755e-05	0.0	0.0	0.0005423455883528831	0.0
Cycle_84	0.22559091750507784	8.334920121486034e-06	0.0007647588493003832	0.0043740503465212474	0.009991093712041392	0.021177789725410807	0.00035975432159563196	0.0	0.0	1.0094106652196264	0.0	0.0	0.0	0.0	0.0	0.0004668473413709839	0.0	2.6664005622468495e-05	0.0	0.0	0.0005418760826340963	0.0
Cycle_85	0.22199082274425966	9.637216745157849e-06	0.000681871804613429	0.004332876022766034	0.010165744583297295	0.02125517634114646	0.000359961903192855	0.0	0.0	1.009328237864718	0.0	0.0	0.0	0.0	0.0	0.0004640919356459849	0.0	3.518654670411022e-05	0.0	0.0	0.0005390216172733549	0.0
Cycle_86	0.2233721286021031	9.201828210081973e-06	0.0007816630287742563	0.0043298220522278484	0.010092087115055895	0.021108122305840762	0.00035222620507496187	0.0	0.0	1.0094091826473457	0.0	0.0	0.0	0.0	0.0	0.00047044929758338	0.0	2.7400594446791157e-05	0.0	0.0	0.0005400555561838956	0.0
Cycle_87	0.22375348502904702	8.386861486280517e-06	0.0007270604198982032	0.004293994859227457	0.010142629101114188	0.02116739252961329	0.0003215610129580576	0.0	1.4437960241984338e-06	1.009403171044013	0.0	0.0	0.0	0.0	0.0	0.00046205645466064016	0.0	2.8162183037690354e-05	0.0	0.0	0.0005454613388368786	0.0
Cycle_88	0.224038952768592	8.582374408027565e-06	0.0007897155041317754	0.004335500403083787	0.01017722923758303	0.021249341767203795	0.0003318648819836892	0.0	0.0	1.0093954868844923	0.0	0.0	0.0	0.0	0.0	0.0004771976221326636	0.0	3.834690496940621e-05	0.0	0.0	0.0005338853278976915	0.0
Cycle_89	0.2253653017518972	8.528763695002308e-06	0.0006640139426518528	0.00427616033556551	0.010214216183822919	0.021391676391208123	0.00028230217233083337	0.0	0.0	1.0093461353078572	0.0	0.0	0.0	0.0	0.0	0.00045339299300875216	0.0	2.4414293962258087e-05	0.0	0.0	0.0005576459852804775	0.0
Cycle_90	0.2208352586628902	9.333397909144965e-06	0.0007587747542604224	0.00431827001472498	0.010133883673705374	0.02131042626102773	0.0003037294156760573	0.0	0.0	1.0094184881237598	0.0	0.0	0.0	0.0	0.0	0.0004668049599905163	0.0	3.111218818116855e-05	0.0	0.0	0.0005453580410908409	0.0
Cycle_91	0.22547745593490012	1.0714257486547159e-05	0.0007437714828899361	0.0042877613515354554	0.01017357527320647	0.021191308532293434	0.00026251400893411537	0.0	7.193617238661197e-07	1.0094224469994084	0.0	0.0	0.0	0.0	0.0	0.00046650930405640005	0.0	2.8633148330504243e-05	0.0	0.0	0.000547544136700747	0.0
Cycle_92	0.22283903659885934	8.70870335107325e-06	0.0008187738422302244	0.0042684919615911246	0.010144868796265758	0.02103836248639335	0.00027663833839327505	0.0	0.0	1.0094903264163364	0.0	0.0	0.0	0.0	0.0	0.0004785934707334632	0.0	2.299138876938612e-05	0.0	0.0	0.0005458699829554517	0.0
Cycle_93	0.226518968231645	9.413737533278156e-06	0.0007527306843796379	0.004272710446161569	0.010285077414647202	0.021224575733358685	0.00022923378879355122	0.0	0.0	1.0094786161101836	0.0	0.0	0.0	0.0	0.0	0.00047757113783110703	0.0	3.7605815427726586e-05	0.0	0.0	0.0005319794238970588	0.0
Cycle_94	0.22469600215025048	9.160388501329659e-06	0.0007647584377213274	0.004259438585404328	0.0101896930923845	0.021203570384420976	0.0002112746961357824	0.0	0.0	1.00941455926593	0.0	0.0	0.0	0.0	0.0	0.0004681731928269322	0.0	2.8706081082777502e-05	0.0	0.0	0.000543840914447722	0.0
Cycle_95	0.22451326154291135	8.39656283752472e-06	0.0006701711912780757	0.004218149035510556	0.010004566918067774	0.021176025417671402	0.0002556787867193823	0.0	1.918872486924559e-07	1.009467033816674	0.0	0.0	0.0	0.0	0.0	0.00046666012708180513	0.0	3.349117742292209e-05	0.0	0.0	0.0005481531269184008	0.0
Cycle_96	0.2302927468728758	9.440007488881793e-06	0.0007081392917046758	0.004234544255013575	0.010058179927322063	0.021040406734544465	0.0002298792046313512	0.0	0.0	1.0094399687068918	0.0	0.0	0.0	0.0	0.0	0.0004786910810786221	0.0	3.078580789440043e-05	0.0	0.0	0.0005437958676502938	0.0
Cycle_97	0.22596443045634526	9.310777515855468e-06	0.0007098585386186655	0.004220828821540301	0.010100942930642209	0.021039952394761956	0.00019543334195375048	0.0	0.0	1.009425210389333	0.0	0.0	0.0	0.0	0.0	0.00047252691610223	0.0	3.3402171455313105e-05	0.0	0.0	0.0005474103854575762	0.0
Cycle_98	0.2305167191492778	9.873069431428684e-06	0.0007296033893633386	0.004223509085750272	0.010187997015606494	0.02106111453860288	0.0001793457783707784	0.0	0.0	1.0095338691469062	0.0	0.0	0.0	0.0	0.0	0.00047711512973032594	0.0	3.33646086972157e-05	0.0	0.0	0.0005412342931897364	0.0
Cycle_99	0.2285085930844513	9.695316493581337e-06	0.0007608153581574057	0.004222486187073729	0.01007034849817484	0.02109619286961201	0.00021886926846113408	0.0	0.0	1.0094586794765599	0.0	0.0	0.0	0.0	0.0	0.00047641901131015627	0.0	3.297213825165736e-05	0.0	0.0	0.0005494447028613625	0.0
Cycle_100	0.2277900680345347	9.463151675428647e-06	0.0007131673880513172	0.004197434944646931	0.010226107197715257	0.021150673691031168	0.00014693711835876502	0.0	1.5193795895903299e-06	1.0094846195347378	0.0	0.0	0.0	0.0	0.0	0.000462986017565496	0.0	2.4468134103070096e-05	0.0	0.0	0.0005564254221424904	0.0
Cycle_101	0.22676019665499828	9.347421600968374e-06	0.000778532718388164	0.004180121019434631	0.010119564569118469	0.021123614770624268	0.00016052169252923454	0.0	0.0	1.0094567862888189	0.0	0.0	0.0	0.0	0.0	0.0004670500561581881	0.0	2.9250740964920273e-05	0.0	0.0	0.0005451865352664202	0.0
Cycle_102	0.2279920635899911	9.42427128365538e-06	0.0007251542042802794	0.004180822785662591	0.010168107886828214	0.021166242102950397	0.00016518075186520046	0.0	0.0	1.0094890733626858	0.0	0.0	0.0	0.0	0.0	0.0004775641842241583	0.0	2.7658721502017387e-05	0.0	0.0	0.0005533528849228472	0.0
Cycle_103	0.2237396045716041	8.835239285220062e-06	0.000788878605694452	0.004211671679923243	0.010243246033894421	0.020821166939905777	0.00013182252356730306	0.0	0.0	1.0095514309662637	0.0	0.0	0.0	0.0	0.0	0.00047222524625590597	0.0	2.996035865954802e-05	0.0	0.0	0.0005364657463908199	0.0
Cycle_104	0.2245911258847153	8.600746326571553e-06	0.0007805975357591474	0.004201405176909426	0.010308298807057643	0.021095766458638258	9.353543973661419e-05	0.0	0.0	1.0094804654124017	0.0	0.0	0.0	0.0	0.0	0.0004672875600519914	0.0	2.693245253886211e-05	0.0	0.0	0.0005570215420302998	0.0
Cycle_105	0.2278741971545929	8.928130151909222e-06	0.0007340182993419257	0.004175764143060344	0.010281334997587115	0.021256599410699878	0.00013034644670484408	0.0	0.0	1.0095195377232522	0.0	0.0	0.0	0.0	0.0	0.0004725359848333	0.0	3.3186303550851966e-05	0.0	0.0	0.0005543569746261785	0.0
Cycle_106	0.22767376205746195	9.676176671518798e-06	0.0007715155763613903	0.004167128701304367	0.010265112557207474	0.021082034137465566	8.88156065577291e-05	0.0	0.0	1.0096341215426465	0.0	0.0	0.0	0.0	0.0	0.0004785155657962914	0.0	2.8588867700648808e-05	0.0	0.0	0.0005548354474593381	0.0
Cycle_107	0.22623111358523693	9.752844764489559e-06	0.0006687744306692917	0.00417269358053594	0.010110596675088415	0.021078632933770592	0.0001270460104579693	0.0	0.0	1.0095585986052804	0.0	0.0	0.0	0.0	0.0	0.0004689409055249356	0.0	3.5428686549946465e-05	0.0	0.0	0.0005479563647126104	0.0
Cycle_108	0.22655418117139448	8.733780434767293e-06	0.0006987611880381886	0.0041191293173778514	0.010258714044848303	0.02115255395405526	9.411255245525659e-05	0.0	0.0	1.0095450321979151	0.0	0.0	0.0	0.0	0.0	0.00046815891224050486	0.0	2.5953099206812633e-05	0.0	0.0	0.0005571172687611153	0.0
Cycle_109	0.22943797671623842	9.477369334815746e-06	0.0007670903415612292	0.004175959967575096	0.010408723079567635	0.021381511438704447	7.032220328284457e-05	0.0	0.0	1.0095064289725884	0.0	0.0	0.0	0.0	0.0	0.00046538202739885063	0.0	2.7054248197050686e-05	0.0	0.0	0.0005552189936466333	0.0
Cycle_110	0.22754812704339464	9.876291696315294e-06	0.0007571789167243227	0.004119173544020609	0.010342220227694614	0.021347062421989957	0.00011154275263961144	0.0	1.0306787769455482e-06	1.0095591206214538	0.0	0.0	0.0	0.0	0.0	0.00047718984234471556	0.0	3.5749949561504424e-05	0.0	0.0	0.0005403654480309026	0.0
Cycle_111	0.23174392429314356	9.287619108203093e-06	0.0007390374014880907	0.004124808488375582	0.010374323140432028	0.02132578153461328	9.5811269718406e-05	0.0	0.0	1.009611553119323	0.0	0.0	0.0	0.0	0.0	0.0004722735609120372	0.0	3.130316626680656e-05	0.0	0.0	0.0005439536072008053	0.0
Cycle_112	0.2286870088457834	8.396414007524422e-06	0.000780235639962356	0.004094529946324817	0.010349316548856484	0.021098931526708817	7.168407456604107e-05	0.0	0.0	1.0094947295706824	0.0	0.0	0.0	0.0	0.0	0.0004706372816632324	0.0	2.8242077955034336e-05	0.0	0.0	0.0005569580312104206	0.0
Cycle_113	0.2261635981359295	9.182791116798476e-06	0.0006845431387016664	0.004169419936961036	0.010101906640753357	0.02115434591858211	5.0900385571900726e-05	0.0	2.1964730922663573e-07	1.0095775954346031	0.0	0.0	0.0	0.0	0.0	0.0004720686956259349	0.0	3.063341173123804e-05	0.0	0.0	0.000548871137055992	0.0
Cycle_114	0.22899954924400867	9.379140207547456e-06	0.0008070828793845491	0.004122779517359503	0.01015353838880257	0.02104359213043291	4.712045862094291e-05	0.0	0.0	1.0095731503909786	0.0	0.0	0.0	0.0	0.0	0.00047851682585519137	0.0	3.184273346428516e-05	0.0	0.0	0.0005529344084774383	0.0
Cycle_115	0.22956244975665974	9.152154136274555e-06	0.0007768976229121994	0.004114519599925189	0.010322526068795912	0.021335192308723615	2.117378471340223e-05	0.0	0.0	1.0095798066931414	0.0	0.0	0.0	0.0	0.0	0.0004692565033204423	0.0	2.971539799833907e-05	0.0	0.0	0.0005584461723594461	0.0
Cycle_116	0.23029724711338692	8.323076594902046e-06	0.0007896649435818861	0.004114116848920762	0.010381876386301099	0.021253717523556523	2.2815907670398983e-05	0.0	0.0	1.0096287217757363	0.0	0.0	0.0	0.0	0.0	0.00046851457383319115	0.0	3.0593026770552155e-05	0.0	0.0	0.0005507946978425528	0.0
Cycle_117	0.22914144520567595	8.60798175935626e-06	0.0007787348940695391	0.004121885548357673	0.010308110420725408	0.021345440821053968	2.959679518727015e-05	0.0	0.0	1.0096343631905798	0.0	0.0	0.0	0.0	0.0	0.000474547972277945	0.0	3.362507989756017e-05	0.0	0.0	0.000553350507293548	0.0
Cycle_118	0.2310357231908126	9.299073845489233e-06	0.0007375713584550465	0.004066712475038511	0.010193193341530113	0.021165889516396093	8.341251173357216e-06	0.0	0.0	1.0095503337527694	0.0	0.0	0.0	0.0	0.0	0.00047335184846366505	0.0	2.4496493847966217e-05	0.0	0.0	0.0005515682965126098	0.0
Cycle_119	0.23577170914332718	9.59493331017001e-06	0.0007380700575437456	0.004099463622636161	0.010419646736348882	0.021224529874354244	2.2603017400896242e-05	0.0	0.0	1.0096720771777064	0.0	0.0	0.0	0.0	0.0	0.0004700484776451834	0.0	3.271841402657712e-05	0.0	0.0	0.00055318842210111	0.0
Cycle_120	0.23024908232488048	9.830198362751035e-06	0.0006806707942554521	0.004068804332454272	0.010133584226530603	0.020954858547485713	6.1156683683314925e-06	0.0	0.0	1.0095988247761174	0.0	0.0	0.0	0.0	0.0	0.0004769585829991007	0.0	2.873199862507028e-05	0.0	0.0	0.0005563241306370161	0.0
Cycle_121	0.22947195994979366	8.231366463101275e-06	0.0007832650206897556	0.004036489538115814	0.010532693347769457	0.021199671546218598	0.0	0.0	0.0	1.0095743717310885	0.0	0.0	0.0	0.0	0.0	0.00046420325945323196	0.0	3.122027386678457e-05	0.0	0.0	0.0005464515573663328	0.0
Cycle_122	0.23458648416874894	9.275303195012657e-06	0.0007864573561608432	0.004107736079481457	0.010218048094726696	0.021088103604548963	1.3126732672184307e-05	0.0	0.0	1.009708873556205	0.0	0.0	0.0	0.0	0.0	0.0004796955231991839	0.0	2.893786294629114e-05	0.0	0.0	0.0005593994631724463	0.0
Cycle_123	0.23433641243730208	9.972898092209676e-06	0.0007734553804823356	0.004081759440176391	0.010426788484827847	0.021206723251822678	0.0	0.0	0.0	1.0096563330698543	0.0	0.0	0.0	0.0	0.0	0.0004722412285765586	0.0	2.7489757634735362e-05	0.0	0.0	0.0005574488890598896	0.0
Cycle_124	0.23027000659648933	1.0754720152356611e-05	0.0008563868024277903	0.004111220967538476	0.010273153713813285	0.021237333983087584	9.049645853871314e-06	0.0	0.0	1.0096551693634996	0.0	0.0	0.0	0.0	0.0	0.0004832866499008975	0.0	2.8736336016725926e-05	0.0	0.0	0.0005421414565187826	0.0
Cycle_125	0.23352320828349193	9.54529597717394e-06	0.0008092254702555657	0.004093392304143755	0.010409788108345986	0.02113823256815028	2.53210158744239e-05	0.0	0.0	1.0096640366676461	0.0	0.0	0.0	0.0	0.0	0.0004849483628447286	0.0	3.4386322726860175e-05	0.0	0.0	0.0005470551890274755	0.0
Cycle_126	0.2330377062690115	9.923182945564086e-06	0.0007200362386593767	0.004106459918741726	0.010146261297402415	0.02115354883235085	2.5398896546676376e-05	0.0	0.0	1.0096460832072358	0.0	0.0	0.0	0.0	0.0	0.00047649421520189867	0.0	3.266118203002336e-05	0.0	0.0	0.0005632578424939245	0.0
Cycle_127	0.23373436764971367	8.757866416012582e-06	0.0007301741958571985	0.004052746093918157	0.010191969717334078	0.021089010067061226	1.4878919374637661e-05	0.0	0.0	1.009656875771334	0.0	0.0	0.0	0.0	0.0	0.00047906534466944683	0.0	2.0463816863888584e-05	0.0	0.0	0.0005626340798941709	0.0
Cycle_128	0.2308055790624966	9.436147667719831e-06	0.0007443829749556246	0.004073483299725896	0.01030709514627554	0.02112991621258505	0.0	0.0	0.0	1.0095576101803532	0.0	0.0	0.0	0.0	0.0	0.00046432394931863536	0.0	2.8117172885656717e-05	0.0	0.0	0.0005486009807765647	0.0
Cycle_129	0.23452130395819037	9.177597426596609e-06	0.0007256127228914854	0.0040093675334183536	0.01040373610018745	0.0210533516963662	0.0	0.0	0.0	1.009641288633882	0.0	0.0	0.0	0.0	0.0	0.00046050532310670084	0.0	3.657913427247308e-05	0.0	0.0	0.0005360583251799434	0.0
Cycle_130	0.23349817857302288	9.344927144099925e-06	0.0008552826549292664	0.004059684683526483	0.010182179006023199	0.021083724871321787	0.0	0.0	0.0	1.009707474729191	0.0	0.0	0.0	0.0	0.0	0.0004779024405751192	0.0	2.6896723369955415e-05	0.0	0.0	0.0005571172348257824	0.0
Cycle_131	0.2346703395282004	8.3259961544423e-06	0.0006906999650387034	0.004054460741784772	0.010285761169283685	0.021087228765107244	2.002979706887912e-05	0.0	0.0	1.0096727627074917	0.0	0.0	0.0	0.0	0.0	0.0004796748050405473	0.0	3.268246802536142e-05	0.0	0.0	0.0005633538609251735	0.0
Cycle_132	0.2315908423623874	9.343285063520706e-06	0.0007537530261963588	0.004051718693612854	0.010398123997334554	0.021094911404296608	0.0	0.0	0.0	1.0096360124411106	0.0	0.0	0.0	0.0	0.0	0.00047669473041086016	0.0	3.6169846229732255e-05	0.0	0.0	0.0005544676362185131	0.0
Cycle_133	0.23555886263865047	9.466852568620107e-06	0.0007246148532265726	0.004007189047451812	0.010485637859529263	0.02132660729450202	0.0	0.0	0.0	1.0096706987362636	0.0	0.0	0.0	0.0	0.0	0.00046307020664759573	0.0	2.5289111771458345e-05	0.0	0.0	0.0005525279519710711	0.0
Cycle_134	0.23275676309124188	8.820281895600978e-06	0.0008499497057440908	0.004052671697268243	0.010370052033911977	0.021067566279816003	0.0	0.0	0.0	1.0096851886297893	0.0	0.0	0.0	0.0	0.0	0.0004710517335703522	0.0	2.789339361277815e-05	0.0	0.0	0.000558074228208421	0.0
Cycle_135	0.23363147230313439	9.687353928746691e-06	0.0008952287102120316	0.004048437164074138	0.010249279746603503	0.02102443583155097	0.0	0.0	0.0	1.009637153827654	0.0	0.0	0.0	0.0	0.0	0.00048023882540627915	0.0	2.644364133832984e-05	0.0	0.0	0.0005548697654700232	0.0
Cycle_136	0.23444882269357573	8.762590647093894e-06	0.000779012050136361	0.0040004428296575535	0.010422924662478628	0.021229515143435896	0.0	0.0	0.0	1.0095656818096097	0.0	0.0	0.0	0.0	0.0	0.00046287644798355615	0.0	3.098713422399596e-05	0.0	0.0	0.0005494498293383018	0.0
Cycle_137	0.23348076193646605	8.551777708620735e-06	0.0007052183032964781	0.004011790472041556	0.010322695966820457	0.021354200176282714	0.0	0.0	0.0	1.0096951781881833	0.0	0.0	0.0	0.0	0.0	0.0004683225539325883	0.0	2.747431583147896e-05	0.0	0.0	0.0005540356205442941	0.0
Cycle_138	0.23343963552223834	1.0449020952354864e-05	0.0007705361007593457	0.004010792194729391	0.010343964443124033	0.02097132628760795	0.0	0.0	0.0	1.0096301777617336	0.0	0.0	0.0	0.0	0.0	0.00046393199847594244	0.0	2.805410942226971e-05	0.0	0.0	0.0005577313093317938	0.0
Cycle_139	0.2335172219911098	8.946271240711553e-06	0.0008457930613291409	0.004011151407848266	0.010294189048859476	0.020926324116523603	0.0	0.0	0.0	1.0096696273382786	0.0	0.0	0.0	0.0	0.0	0.0004705554843214491	0.0	3.337842259789924e-05	0.0	0.0	0.0005520943617395241	0.0
Cycle_140	0.23581335598240932	1.0012762053684236e-05	0.0006507028760457445	0.004021568519170598	0.010215047680495441	0.02112110915998852	0.0	0.0	0.0	1.0097682298336612	0.0	0.0	0.0	0.0	0.0	0.0004750649836395176	0.0	2.827890103412471e-05	0.0	0.0	0.0005546695313012695	0.0
Cycle_141	0.2358088256079115	9.986649732133029e-06	0.0007802536933394671	0.00402135236605837	0.0103808966403983	0.020934324410781278	0.0	0.0	0.0	1.0096455852022335	0.0	0.0	0.0	0.0	0.0	0.00047441713212755893	0.0	3.5269521336584766e-05	0.0	0.0	0.0005605494850764986	0.0
Cycle_142	0.23861041449409584	8.323115732394101e-06	0.0007576313344864102	0.004000859935483312	0.010260683993944007	0.021053735569077216	0.0	0.0	0.0	1.009725433720782	0.0	0.0	0.0	0.0	0.0	0.0004819671585415581	0.0	2.9674622506179045e-05	0.0	0.0	0.0005615983433745903	0.0
Cycle_143	0.2323669407662322	1.0051742310279775e-05	0.0007576023737111878	0.003975001025309795	0.010322307947984308	0.021017298117633927	0.0	0.0	0.0	1.0096788348086694	0.0	0.0	0.0	0.0	0.0	0.00047529830834767376	0.0	2.6201567934535215e-05	0.0	0.0	0.0005642467161618248	0.0
Cycle_144	0.23714991320602877	9.079347098028976e-06	0.0008260060204920813	0.0039908744126035105	0.010133537392229367	0.02090544159291671	0.0	0.0	0.0	1.0097186433126708	0.0	0.0	0.0	0.0	0.0	0.00047363368203576873	0.0	3.2097361413428984e-05	0.0	0.0	0.0005555388786766192	0.0
Cycle_145	0.2383588800414246	8.502701075764793e-06	0.0006757761351041835	0.003989708585598367	0.010005788549630273	0.02049473747617481	0.0	0.0	0.0	1.009723953943466	0.0	0.0	0.0	0.0	0.0	0.000458108144003356	0.0	3.4300922643057794e-05	0.0	0.0	0.000549721574506934	0.0
Cycle_146	0.2416607200889362	8.772887668008805e-06	0.000746279705769374	0.003990758975484149	0.010232423188965193	0.02113564462841486	0.0	0.0	0.0	1.0098101072765133	0.0	0.0	0.0	0.0	0.0	0.00047761137978508496	0.0	3.1146382316710574e-05	0.0	0.0	0.0005524584454950421	0.0
Cycle_147	0.23470458361816415	9.217646968326085e-06	0.00077461354026779	0.003992283549985503	0.01051874546985735	0.021208251818644604	0.0	0.0	0.0	1.0097770753803923	0.0	0.0	0.0	0.0	0.0	0.0004661230046447296	0.0	3.178182045900073e-05	0.0	0.0	0.0005426402850285456	0.0
Cycle_148	0.2397027043871115	1.0107787013417142e-05	0.0007430224469777222	0.003972687502949895	0.010505710957956554	0.02099363173771123	0.0	0.0	0.0	1.0097365797477849	0.0	0.0	0.0	0.0	0.0	0.0004788116706916194	0.0	3.055400639829224e-05	0.0	0.0	0.0005504577599018942	0.0
Cycle_149	0.2339511754746437	8.837364377149966e-06	0.000768473090667514	0.003950188687177589	0.010351467919578526	0.021338039214750307	0.0	0.0	0.0	1.0097845811992932	0.0	0.0	0.0	0.0	0.0	0.0004632522187260735	0.0	2.2724977011089156e-05	0.0	0.0	0.0005600476831678871	0.0
Cycle_150	0.2339302387882193	9.6853464637526e-06	0.0007075490429234338	0.003946857354991987	0.010539304069021795	0.021501996007453134	0.0	0.0	0.0	1.0097770886382833	0.0	0.0	0.0	0.0	0.0	0.00046732522119494077	0.0	2.9993578835500238e-05	0.0	0.0	0.0005648440350807413	0.0
Cycle_151	0.2391968490552767	9.28785428001833e-06	0.0007940469639764443	0.003981303010396886	0.010299711103860302	0.02100131810177468	0.0	0.0	0.0	1.0097279712195761	0.0	0.0	0.0	0.0	0.0	0.00046414518818518354	0.0	3.081404306816732e-05	0.0	0.0	0.0005597996589486716	0.0
Cycle_152	0.2365352299018836	9.854715271569898e-06	0.0007392275361330351	0.003937084442188515	0.010147283805182844	0.021140144583004367	0.0	0.0	0.0	1.0097688540591487	0.0	0.0	0.0	0.0	0.0	0.00047005250829319865	0.0	3.1079270860076994e-05	0.0	0.0	0.0005523732547772605	0.0
Cycle_153	0.23119595635163004	8.80833808333619e-06	0.0007042485521014521	0.007210353765442865	0.0012129278594254953	0.0015434162560319005	0.0010562425957630352	0.00020822009082042508	6.303036127347306e-05	1.0094726620051486	0.0	0.0	0.0	0.0	0.0	0.0014448743888227956	0.005970353405147014	0.0	0.0	0.0	0.00035482128568775764	0.0
Cycle_154	0.006041676602413801	3.603976991691888e-06	0.0002146498446473578	0.003086272039885656	7.593034971599816e-05	0.0001793902945776179	0.0	0.0	7.996328985832247e-06	1.0099838786196214	0.0	0.0	0.0	0.0	0.0	0.0005250249411571771	6.405885343001541e-05	0.0	0.0	0.0	0.00037549827645272084	0.0
Cycle_155	0.003962243322248965	2.3253397477069264e-06	7.225670225544057e-05	0.002449529131460717	0.00044579927418922116	0.0019096193646234362	0.0	0.0	0.00014379809781170927	1.0099532080761058	0.0	0.0	0.0	0.0	0.0	0.00039165609133915785	0.0	0.0	0.0	0.0	0.0003904535620448503	0.0
Cycle_156	0.019614950594214385	4.3740688688683955e-06	8.548031969681476e-05	0.0023876671950981737	0.0007073751277836733	0.003462995582247336	0.0	0.0	0.0002919787457657315	1.0098322154529156	0.0	0.0	0.0	0.0	0.0	0.0003730106929559936	0.0	0.0	0.0	0.0	0.00040341120980512553	0.0
Cycle_157	0.022993793751804655	4.6894558644837445e-06	7.558932839596675e-05	0.0023967537728916345	0.0007431336478513817	0.004238484198201338	0.0	0.0	0.0003991598059224674	1.009756773193406	0.0	0.0	0.0	0.0	0.0	0.00035407584396259575	0.0	0.0	0.0	0.0	0.0004146796298688195	0.0
