Molecule	Hydrogen	Deuterium	Methane	Water	Acetylene	Carbon monoxide	Ethylene	Ethane	Oxygen	Argon	Cyclopropene	Allene	Propyne	Propene	Carbon dioxide	Propane	Ethanol	1,3-Butadiyne	1-Buten-3-yne	1,3-Butadiene	1-Butyne	2-Butyne
Cycle_1	0.00033044508647153513	3.2138817935114446e-06	0.0	0.0028433574068014453	0.0	0.010073623623500255	0.0	0.0	0.0015923427598829555	1.0133580767398025	0.0	0.0	0.0	0.0	0.0	0.00035936796534772345	0.0	0.0	0.0	0.0	0.00018597687540092031	0.0
Cycle_2	0.0003293490266626524	3.266986630769818e-06	0.0	0.002891650817216025	0.0	0.009358980540603187	0.0	0.0	0.0014271184330802778	1.013631835568488	0.0	0.0	0.0	0.0	1.2892934692723945e-05	0.0003642868259907534	0.0	0.0	0.0	0.0	0.00019098687837287403	0.0
Cycle_3	0.00032684890029955883	2.7413961182946233e-06	0.0	0.002871758932764361	0.0	0.00849167426395156	0.0	0.0	0.0014288188683857044	1.0133343814657738	0.0	0.0	0.0	0.0	1.006737559369861e-05	0.0003588174303327327	0.0	0.0	0.0	0.0	0.00018938308858699397	0.0
Cycle_4	0.00032790255550893814	2.5108009830672024e-06	0.0	0.0028220108465854834	0.0	0.008718643101071274	0.0	0.0	0.00152350516929535	1.0132961299851018	0.0	0.0	0.0	0.0	1.2996834284018396e-05	0.0003598159592882403	0.0	0.0	0.0	0.0	0.00018491936318242022	0.0
Cycle_5	0.0003249196673086794	2.62876665672387e-06	0.0	0.0028406898270129477	0.0	0.005804788287912701	0.0	0.0	0.0008706883285209573	1.0130206270925748	0.0	0.0	0.0	0.0	8.461548216669838e-05	0.00034779769019695195	0.0	0.0	0.0	0.0	0.00020328865314016127	0.0
Cycle_6	0.029559049181704454	2.771588005036742e-06	0.0007960735998201796	0.0046698011006514	0.009601635752434353	0.024326110015277316	0.0008119070603193645	0.0	1.3047781609988741e-05	1.0138736819284682	0.0	0.0	0.0	0.0	0.0	0.0005596737511812407	0.0	6.153410614560988e-05	0.0	0.0	0.00032944495559950325	0.0
Cycle_7	0.2506405886527084	3.828086966539268e-06	0.000868541253898651	0.0058418981061089705	0.009784346208411197	0.02491219532331374	0.0014948484491856576	0.0	2.694261295900605e-06	1.0136313175910363	0.0	0.0	0.0	0.0	0.0	0.0005658658576751388	0.0	7.053344440373678e-05	0.0	0.0	0.0003467209796888076	0.0
Cycle_8	0.2524840532357572	3.1621039125941546e-06	0.000911748459443009	0.0059658589887150015	0.009725508046092568	0.02512902713614084	0.0018310955566378298	0.0	0.0	1.0138905397848126	0.0	0.0	0.0	0.0	0.0	0.0005643178927894284	0.0	6.344957535172824e-05	0.0	0.0	0.00035394072800843464	0.0
Cycle_9	0.2576867557755587	2.5374390230381045e-06	0.0009441036359857379	0.005982967410229172	0.00978000403425917	0.02475647188013692	0.0019361371266040834	0.0	0.0	1.0139419874087445	0.0	0.0	0.0	0.0	0.0	0.0005801158368530556	0.0	7.036195586314185e-05	0.0	0.0	0.00035240165089764895	0.0
Cycle_10	0.2560683035520931	3.5913367703201543e-06	0.0008739360560965896	0.006027197208753964	0.009626575290864461	0.025585777586076112	0.001995759475174508	0.0	0.0	1.0140604651001286	0.0	0.0	0.0	0.0	0.0	0.0005946790119218898	0.0	7.049736393644553e-05	0.0	0.0	0.00035111105882881994	0.0
Cycle_11	0.25667668060419113	3.946721041526162e-06	0.0008896400116388631	0.006017439761610871	0.00936166380777681	0.025305052437707275	0.0021404126891526715	0.0	0.0	1.0143149856409313	0.0	0.0	0.0	0.0	0.0	0.0005914463684954226	0.0	6.530990125910379e-05	0.0	0.0	0.000354890069914944	0.0
Cycle_12	0.2560221601060712	3.5542035244882652e-06	0.0008214300968640353	0.005986755291528851	0.009489535716234957	0.025614969020341268	0.002136875239645953	0.0	0.0	1.0142116227459337	0.0	0.0	0.0	0.0	0.0	0.0005977273104211183	0.0	7.157048083620471e-05	0.0	0.0	0.00035690698895827046	0.0
Cycle_13	0.2552007519257378	4.2250365160015485e-06	0.0009123323545174725	0.005969342701536046	0.010061751859391978	0.025574740511303838	0.0021569856698612595	0.0	0.0	1.0143459382787736	0.0	0.0	0.0	0.0	0.0	0.0006097667170778514	0.0	7.146133285828725e-05	0.0	0.0	0.00035420238607379405	0.0
Cycle_14	0.25450819805973024	3.500444612509655e-06	0.0009615310616302699	0.0059847839617345406	0.009581466428869468	0.025239018974406092	0.002051294351874696	0.0	0.0	1.014361232314233	0.0	0.0	0.0	0.0	0.0	0.0006151905070990367	0.0	6.388633813557458e-05	0.0	0.0	0.000365523417350464	0.0
Cycle_15	0.25165176121353366	3.0535860660689793e-06	0.0009550091891834002	0.00594787738282272	0.009931539325971508	0.025403737847509815	0.0020305033979070874	0.0	0.0	1.0144192241597265	0.0	0.0	0.0	0.0	0.0	0.0006199155656190131	0.0	7.046673289151016e-05	0.0	0.0	0.0003484346367849317	0.0
Cycle_16	0.25355586005770836	3.7214273058512803e-06	0.0009116695756958743	0.0058763390135034305	0.00969145159605257	0.025165599421802406	0.002069143514225968	0.0	0.0	1.0143889158785766	0.0	0.0	0.0	0.0	0.0	0.0006121455746771518	0.0	6.411942009013042e-05	0.0	0.0	0.00036611455499024485	0.0
Cycle_17	0.25318763050271925	4.231943694241615e-06	0.000941920742690193	0.005855037964644736	0.009995268153460683	0.02451394807438643	0.0019465402199565197	0.0	0.0	1.0143948183311962	0.0	0.0	0.0	0.0	0.0	0.0006295358848149178	0.0	6.860816647660405e-05	0.0	0.0	0.0003682117990952279	0.0
Cycle_18	0.2531201063578309	4.362764677644973e-06	0.0008484895326609611	0.005803421829766514	0.010116915861986866	0.024356249762262305	0.0019043196835412135	0.0	0.0	1.0144881345317376	0.0	0.0	0.0	0.0	0.0	0.0006200043007711108	0.0	7.094888174422534e-05	0.0	0.0	0.00036906104373506923	0.0
Cycle_19	0.2556936968726171	3.397941602341015e-06	0.000991111065740941	0.005743628060025531	0.01025809160749419	0.02436895795229786	0.001839207678135385	0.0	0.0	1.0144548917184457	0.0	0.0	0.0	0.0	0.0	0.0006245830403397622	0.0	6.858075863116468e-05	0.0	0.0	0.00037023196756754746	0.0
Cycle_20	0.25441581067789787	3.905607760719286e-06	0.0010753807602682565	0.005738762755989185	0.00998694171568325	0.024927447510710073	0.0019686654665098447	0.0	0.0	1.0144750196883896	0.0	0.0	0.0	0.0	0.0	0.0006237250603805926	0.0	6.870536456084358e-05	0.0	0.0	0.00037472790147712005	0.0
Cycle_21	0.25450721700929235	4.279098726748664e-06	0.0008997364197695932	0.0056033595641664016	0.010091701886008329	0.023853561356760804	0.0018037655398500621	0.0	0.0	1.0144348324982415	0.0	0.0	0.0	0.0	0.0	0.0006194030057542508	0.0	7.34213833614506e-05	0.0	0.0	0.0003816885437265198	0.0
Cycle_22	0.25592943855443584	3.775947460160035e-06	0.001006657451869839	0.00560017254513277	0.010202168357223871	0.02393387748511583	0.0017259956027114265	0.0	0.0	1.01453094037853	0.0	0.0	0.0	0.0	0.0	0.0006286281632616426	0.0	6.922945942462699e-05	0.0	0.0	0.0003852953845579818	0.0
Cycle_23	0.25566754905832273	3.7015737034142536e-06	0.0008883442646974662	0.005463029534499331	0.01039644398275305	0.023491652755286106	0.0016983256551978375	0.0	0.0	1.0144773473164181	0.0	0.0	0.0	0.0	0.0	0.000615532890870349	0.0	6.941950425092532e-05	0.0	0.0	0.00038789411597995503	0.0
Cycle_24	0.2537433131619054	4.0674325494058665e-06	0.0010546264441193842	0.005481843569254582	0.010061174570093926	0.023576407575070724	0.0016950610138034513	0.0	0.0	1.0144988557241523	0.0	0.0	0.0	0.0	0.0	0.0006299258739714348	0.0	6.765131467282112e-05	0.0	0.0	0.00038683727681956544	0.0
Cycle_25	0.2538517241387113	2.876596796534518e-06	0.0010528981467348764	0.005415321068831714	0.010145089914236974	0.0235045410133482	0.0016776165570557698	0.0	0.0	1.0145620869151815	0.0	0.0	0.0	0.0	0.0	0.0006427556483155934	0.0	6.874385444340605e-05	0.0	0.0	0.0003837791142567344	0.0
Cycle_26	0.25438066089485867	3.6832381602009637e-06	0.0009426288670594384	0.005391819485865578	0.010090182839133573	0.023755417043418256	0.00169836553206689	0.0	0.0	1.0146223132304966	0.0	0.0	0.0	0.0	0.0	0.0006353012058338122	0.0	6.714564559387485e-05	0.0	0.0	0.00038091342025876136	0.0
Cycle_27	0.25409606709210675	3.3130543746318726e-06	0.0009648610427082539	0.005307016919874568	0.010308948081205655	0.023612290684909755	0.0016312900030351876	0.0	0.0	1.0145490019150871	0.0	0.0	0.0	0.0	0.0	0.0006350894201802945	0.0	7.444916425336279e-05	0.0	0.0	0.0003904525119552121	0.0
Cycle_28	0.2541405533634177	3.6519129036596994e-06	0.0010068373453930662	0.0052688089371910884	0.01035271577503681	0.023644792080889415	0.0015301076635552916	0.0	0.0	1.0145398358968156	0.0	0.0	0.0	0.0	0.0	0.0006247696176162308	0.0	6.900430590505681e-05	0.0	0.0	0.0003946305897047664	0.0
Cycle_29	0.2542753290910229	3.4946570764550315e-06	0.000987376228327109	0.005215182980610124	0.010311393038718298	0.023543941297794205	0.0015239337560666718	0.0	0.0	1.0146630784423942	0.0	0.0	0.0	0.0	0.0	0.0006272293555652955	0.0	7.251822080908185e-05	0.0	0.0	0.00039872159606234075	0.0
Cycle_30	0.2555585887235232	3.594516046109104e-06	0.0008893466511505498	0.005187379396923466	0.010345439428003951	0.023267918384184433	0.001530704144312956	0.0	0.0	1.0146554258040517	0.0	0.0	0.0	0.0	0.0	0.0006388714114756975	0.0	6.721565670467402e-05	0.0	0.0	0.00039075423779838807	0.0
Cycle_31	0.2534475359131538	3.766258729898011e-06	0.0009425121537547416	0.005164350904093566	0.010508081395769366	0.02401545794597207	0.001465758680965506	0.0	0.0	1.014612082667192	0.0	0.0	0.0	0.0	0.0	0.0006284759199830552	0.0	6.030014521604076e-05	0.0	0.0	0.00041013442134764833	0.0
Cycle_32	0.2513660715074872	3.170504346468111e-06	0.0010424263657329888	0.005098460018117149	0.010595209418518376	0.022985928526484945	0.0013134288230236273	0.0	0.0	1.0146169883353144	0.0	0.0	0.0	0.0	0.0	0.0006347513374819578	0.0	6.615431183752475e-05	0.0	0.0	0.0003961050783413103	0.0
Cycle_33	0.25270863020666184	3.0674730332429906e-06	0.0009473296720375429	0.005063354062886673	0.010336892837085665	0.023131291675183758	0.0013462392930310894	0.0	0.0	1.014632549556907	0.0	0.0	0.0	0.0	0.0	0.0006252983807698181	0.0	6.896510449396693e-05	0.0	0.0	0.0004048482871634356	0.0
Cycle_34	0.25113709932125705	4.23567852359506e-06	0.0010190985156751662	0.005077940372877945	0.010265458879862162	0.023079110042640176	0.0014267992997472347	0.0	0.0	1.0145983661724562	0.0	0.0	0.0	0.0	0.0	0.0006334281021154101	0.0	6.39339504745421e-05	0.0	0.0	0.0004092057191287176	0.0
Cycle_35	0.2550653620607766	3.1156721944981293e-06	0.0010403936486660052	0.004933901979631029	0.010211508801062207	0.022980406175361186	0.0014422686004243622	0.0	0.0	1.0147457984605859	0.0	0.0	0.0	0.0	0.0	0.0006486688632680684	0.0	6.958505325279474e-05	0.0	0.0	0.00040395988734798807	0.0
Cycle_36	0.25407290362631435	3.7523982118520976e-06	0.0010058951848361522	0.004942798955435675	0.010461943552415733	0.0233122392526657	0.0013124601224270636	0.0	0.0	1.0147700389399408	0.0	0.0	0.0	0.0	0.0	0.0006323426179912591	0.0	6.856565381522857e-05	0.0	0.0	0.0004001621791189188	0.0
Cycle_37	0.25365268278754155	3.1196046125873673e-06	0.0009782287424146675	0.004872801249913076	0.010313410496132689	0.022854111930140367	0.001411472875310718	0.0	0.0	1.0146843651170596	0.0	0.0	0.0	0.0	0.0	0.0006490147385839501	0.0	6.867780302868456e-05	0.0	0.0	0.00040147946213869016	0.0
Cycle_38	0.25517408658226093	3.938069627138299e-06	0.000993870045700824	0.004915899565517201	0.010440667962291504	0.023086733425483924	0.0013446785329555234	0.0	0.0	1.014707509384655	0.0	0.0	0.0	0.0	0.0	0.0006426692181648717	0.0	6.637275475872807e-05	0.0	0.0	0.0004137911337917864	0.0
Cycle_39	0.2560871017243606	3.4450261484542024e-06	0.0009708756183190633	0.004923171229688655	0.010418080198352917	0.02271958044610768	0.0012918340789630587	0.0	0.0	1.0148333256085929	0.0	0.0	0.0	0.0	0.0	0.0006559025002384542	0.0	7.189914351262179e-05	0.0	0.0	0.00040846332892843556	0.0
Cycle_40	0.2558253752724001	3.7176010884052107e-06	0.000998743025833005	0.004865533011844825	0.010387419422628401	0.022462023161525586	0.0012441462727994896	0.0	0.0	1.0147868108704863	0.0	0.0	0.0	0.0	0.0	0.0006448202914096637	0.0	6.795371331391303e-05	0.0	0.0	0.0004153959820705402	0.0
Cycle_41	0.24584058027134237	4.0586419019784914e-06	0.000927622828007638	0.004767916865395881	0.01048540070415934	0.022445162403179376	0.0012268783924455117	0.0	0.0	1.014832168538486	0.0	0.0	0.0	0.0	0.0	0.0006451170117403774	0.0	6.656227432933666e-05	0.0	0.0	0.00041562672944158195	0.0
Cycle_42	0.25168421077566727	4.193653249095163e-06	0.0009551216869319302	0.004736815756864476	0.010399875652888085	0.022141905853620893	0.0011243332487420675	0.0	0.0	1.0148167916487554	0.0	0.0	0.0	0.0	0.0	0.0006447360837656894	0.0	6.32614969668168e-05	0.0	0.0	0.00041926591512160566	0.0
Cycle_43	0.2552098202330744	3.5050672350754185e-06	0.0009852432690787602	0.004778584582526389	0.010655556249606896	0.022972870169037103	0.0011214575752885592	0.0	0.0	1.014835241704078	0.0	0.0	0.0	0.0	0.0	0.0006296119558291634	0.0	5.589486073042452e-05	0.0	0.0	0.0004334325009642929	0.0
Cycle_44	0.2530995554571623	3.245449572668725e-06	0.0009653732830485897	0.004727337596278761	0.010397498700837627	0.022440413591357268	0.0011430015684166712	0.0	0.0	1.0147125686045697	0.0	0.0	0.0	0.0	0.0	0.0006375779307553734	0.0	6.212757792652343e-05	0.0	0.0	0.0004244013387689711	0.0
Cycle_45	0.24881090220785357	3.914041509671287e-06	0.001009780161753005	0.0046994354477528566	0.010920700079599246	0.022602212593716444	0.0009924707655937545	0.0	0.0	1.0147901071971783	0.0	0.0	0.0	0.0	0.0	0.0006359450457644251	0.0	6.421339446307706e-05	0.0	0.0	0.00042327318015323933	0.0
Cycle_46	0.2543236896873437	3.945817656554325e-06	0.0009290604825107282	0.004649343745056068	0.010497168013319742	0.02239012459973814	0.0009986623787881276	0.0	0.0	1.0147985458984239	0.0	0.0	0.0	0.0	0.0	0.0006407127398712678	0.0	6.105455109571991e-05	0.0	0.0	0.00042911510885230384	0.0
Cycle_47	0.2552113510799447	2.974966371694569e-06	0.0009838446286435688	0.0046684916195785225	0.010691278660650025	0.022367127014354907	0.0009981618201185425	0.0	0.0	1.0149086685209872	0.0	0.0	0.0	0.0	0.0	0.0006535505467635517	0.0	6.246011797063057e-05	0.0	0.0	0.0004245188486632327	0.0
Cycle_48	0.2548218798064623	3.499743654702557e-06	0.0009683321104744702	0.004639142934668972	0.010575814447127598	0.022480688821506823	0.001002734399064985	0.0	0.0	1.0148097830204577	0.0	0.0	0.0	0.0	0.0	0.0006542711291170689	0.0	6.625136704721475e-05	0.0	0.0	0.00041746321300116464	0.0
Cycle_49	0.2517228337450357	3.0996694200096644e-06	0.000879779588849454	0.004594739883855297	0.010787930713148134	0.022360168728267422	0.000889509880417187	0.0	0.0	1.0147712610463413	0.0	0.0	0.0	0.0	0.0	0.0006367740451326341	0.0	5.499530626031347e-05	0.0	0.0	0.00044469599337133836	0.0
Cycle_50	0.2550741006207884	3.549948372434772e-06	0.0009860188678111087	0.004602851175541194	0.010740008414127979	0.022288242475256095	0.0009181462130019699	0.0	0.0	1.0149001941589397	0.0	0.0	0.0	0.0	0.0	0.0006532541986773459	0.0	5.925866443434745e-05	0.0	0.0	0.00042928895712291895	0.0
Cycle_51	0.25044852522410244	3.295919770474791e-06	0.001010511175736622	0.004550168947012625	0.010720646038563132	0.022309542750899424	0.0008817130513669618	0.0	0.0	1.0149082718604334	0.0	0.0	0.0	0.0	0.0	0.0006548879958358098	0.0	5.7224735249867317e-05	0.0	0.0	0.00043514525974031455	0.0
Cycle_52	0.2515468099302649	3.1960547838291806e-06	0.001078503630048369	0.004595858294296505	0.010814755008635005	0.02216519422817084	0.0008918204294804596	0.0	0.0	1.0148134161527251	0.0	0.0	0.0	0.0	0.0	0.0006497623418443298	0.0	5.9750781756175584e-05	0.0	0.0	0.00043633236695796455	0.0
Cycle_53	0.2528681965226876	3.6117309523605863e-06	0.0010622495334288037	0.004571100354440059	0.010774717495936784	0.02202507011552309	0.0008432409421510197	0.0	0.0	1.0149050950839043	0.0	0.0	0.0	0.0	0.0	0.0006552468572633059	0.0	5.813875681776624e-05	0.0	0.0	0.0004358379015078734	0.0
Cycle_54	0.2514714441137386	2.677181272728573e-06	0.001004024953737713	0.004584820118418044	0.010606100055212236	0.02197646112482039	0.0008909386406725355	0.0	0.0	1.0148996273831692	0.0	0.0	0.0	0.0	0.0	0.0006560947362310517	0.0	5.5580998520641835e-05	0.0	0.0	0.00043175967786821396	0.0
Cycle_55	0.25270862911921016	3.845066284077715e-06	0.0010634409888182425	0.0045326027343500575	0.010534182359935947	0.021751333778137667	0.0008821778198344948	0.0	0.0	1.014943500510643	0.0	0.0	0.0	0.0	0.0	0.0006721569180004921	0.0	5.774067120427184e-05	0.0	0.0	0.0004336121658706862	0.0
Cycle_56	0.253304844753939	3.3340231439754706e-06	0.0011073152015583783	0.0045707952423862785	0.010536804962220512	0.021976135285890517	0.0008507528844488567	0.0	0.0	1.0149869207271276	0.0	0.0	0.0	0.0	0.0	0.0006655865591075913	0.0	6.407225437221374e-05	0.0	0.0	0.00043133805440681496	0.0
Cycle_57	0.2545661304017522	3.1784139947739574e-06	0.0010556891353427774	0.004494899958632356	0.01058493084667705	0.021725654055292486	0.0007601730999026887	0.0	0.0	1.0149695114985122	0.0	0.0	0.0	0.0	0.0	0.0006616530762306725	0.0	5.570323004077403e-05	0.0	0.0	0.0004374977724604761	0.0
Cycle_58	0.25106211909016757	4.195352869003951e-06	0.001024713514621831	0.004494350079300274	0.010561365669223739	0.021644447091060313	0.0007610939868852447	0.0	0.0	1.0149605915234512	0.0	0.0	0.0	0.0	0.0	0.0006716771108301143	0.0	5.576021341678603e-05	0.0	0.0	0.0004337974602306078	0.0
Cycle_59	0.25376667781197626	3.960031086058758e-06	0.0010106778851986	0.004484670468029909	0.010689060988334526	0.021796095965593665	0.0007165182360541645	0.0	0.0	1.0150358166082518	0.0	0.0	0.0	0.0	0.0	0.0006655842770006379	0.0	6.257340345406703e-05	0.0	0.0	0.0004333087842380394	0.0
Cycle_60	0.2571316302479705	3.0799256419123105e-06	0.0009486422223265274	0.004458515273795963	0.01078304730262562	0.02204116572886299	0.0006967720359572469	0.0	0.0	1.0150561449842546	0.0	0.0	0.0	0.0	0.0	0.0006640755285532606	0.0	5.281149511999415e-05	0.0	0.0	0.00044002892684479	0.0
Cycle_61	0.25061792305531516	3.725724713036431e-06	0.0010908438757285352	0.004491635541933342	0.010788220430070194	0.021887157064019523	0.000686908900685121	0.0	0.0	1.014988475851225	0.0	0.0	0.0	0.0	0.0	0.0006708458777093925	0.0	5.8099964425751344e-05	0.0	0.0	0.0004494433927795803	0.0
Cycle_62	0.25610950287456	3.434496575193855e-06	0.00099677200310913	0.004454894699169394	0.010614527868289984	0.021801837767467306	0.0007010987702046728	0.0	0.0	1.0150560196150975	0.0	0.0	0.0	0.0	0.0	0.0006708834207390763	0.0	5.982186504185702e-05	0.0	0.0	0.0004417102102040658	0.0
Cycle_63	0.2545415094173172	3.5566544384183245e-06	0.0009592746981683376	0.004380160971216989	0.010923050606241262	0.022060890644895692	0.0005879128365946456	0.0	0.0	1.0150995394550728	0.0	0.0	0.0	0.0	0.0	0.0006653352075520233	0.0	5.5070339207417356e-05	0.0	0.0	0.00044872280372655865	0.0
Cycle_64	0.25464565096482616	3.833064759328395e-06	0.0010746753004456896	0.004367646381678354	0.010667664059194249	0.021820819364138603	0.0006245704508539761	0.0	0.0	1.014991796435042	0.0	0.0	0.0	0.0	0.0	0.0006568680910440813	0.0	5.06799970738179e-05	0.0	0.0	0.00043742104106391264	0.0
Cycle_65	0.2551920313680346	3.428880254823658e-06	0.0010796353345069102	0.0044304240799530525	0.010567180281445297	0.021506420162222192	0.0006362559843222802	0.0	0.0	1.0150501602854844	0.0	0.0	0.0	0.0	0.0	0.0006752121663423842	5.187286187779325e-06	5.439050101418258e-05	0.0	0.0	0.00044695086290558287	0.0
Cycle_66	0.2562367412781493	4.161809167553522e-06	0.0010677443812961913	0.004456060994087297	0.010765124558595966	0.02198439350489196	0.0006033327076185174	0.0	0.0	1.015044839802562	0.0	0.0	0.0	0.0	0.0	0.000671688526875751	5.622154089228959e-06	5.515549201935732e-05	0.0	0.0	0.00044839555775957115	0.0
Cycle_67	0.25602583466883805	2.9150578456643293e-06	0.0010875929180754766	0.0044217685278549685	0.010706133879603074	0.02189438024225636	0.0005304793736010594	0.0	0.0	1.0151630366642277	0.0	0.0	0.0	0.0	0.0	0.0006660787361119087	0.0	5.7591022839488016e-05	0.0	0.0	0.0004455174852409732	0.0
Cycle_68	0.2600545145267074	3.7158896679639745e-06	0.0009886643720666544	0.00435103780305646	0.010934519755972056	0.022370093813328315	0.0005833990325488977	0.0	0.0	1.0151309126019548	0.0	0.0	0.0	0.0	0.0	0.0006568669946938726	0.0	6.221899769710808e-05	0.0	0.0	0.00045270732678654796	0.0
Cycle_69	0.25845495422195164	3.1535703410106816e-06	0.0009928990271526853	0.004336349272585995	0.011175053738530031	0.02176684802402862	0.0004702710952820183	0.0	0.0	1.0151869018036677	0.0	0.0	0.0	0.0	0.0	0.0006668494483285304	0.0	6.368760676542878e-05	0.0	0.0	0.0004446336623942617	0.0
Cycle_70	0.25930906926206077	3.450145385137959e-06	0.0010931230868949414	0.004439282982897874	0.010964351107111272	0.021468885395883198	0.0004090622348003429	0.0	0.0	1.015144148489927	0.0	0.0	0.0	0.0	0.0	0.0006852737299963837	0.0	5.971653219162868e-05	0.0	0.0	0.0004335898182021502	0.0
Cycle_71	0.2596021119411735	3.7129582111862405e-06	0.0010503672190376055	0.0043586627826476465	0.011012094790550663	0.021713326331378614	0.00040088316759055926	0.0	0.0	1.0151962687320655	0.0	0.0	0.0	0.0	0.0	0.0006683095865512727	0.0	5.088089465636963e-05	0.0	0.0	0.00045654028125290884	0.0
Cycle_72	0.26312407301656787	3.829170163577788e-06	0.0009383611535499595	0.004319828560284602	0.010829376575692783	0.021584868091745694	0.00042947290263821116	0.0	0.0	1.015180204935604	0.0	0.0	0.0	0.0	0.0	0.0006647124218782329	0.0	5.5396087542046294e-05	0.0	0.0	0.0004525372159824306	0.0
Cycle_73	0.2602077904206927	3.8349692591248155e-06	0.0010278427687545738	0.004338136368592282	0.011175265962076988	0.021843961111713616	0.00041287577194038693	0.0	0.0	1.0151819276244625	0.0	0.0	0.0	0.0	0.0	0.0006689354476467853	0.0	6.203187516086133e-05	0.0	0.0	0.00044139103560747293	0.0
Cycle_74	0.25817662579279665	3.7789424363687623e-06	0.001015529406787514	0.004319506951878209	0.011041529722705855	0.02182498983086348	0.00038953546982857523	0.0	0.0	1.0151926021622686	0.0	0.0	0.0	0.0	0.0	0.0006760345845192762	0.0	5.6646371077241396e-05	0.0	0.0	0.0004410121403783939	0.0
Cycle_75	0.2632094384443524	4.218334638244421e-06	0.0010029748497769819	0.004278954480504871	0.011104908313204402	0.021909351676887845	0.00033730682464158126	0.0	0.0	1.0151559983964926	0.0	0.0	0.0	0.0	0.0	0.0006694297097166368	0.0	5.590483308986456e-05	0.0	0.0	0.0004706872896239592	0.0
Cycle_76	0.26195093027628086	3.739638240217837e-06	0.0010368672962022863	0.004279892636227559	0.010961836934039477	0.02166032865719267	0.00032875664524580333	0.0	0.0	1.0152378297931843	0.0	0.0	0.0	0.0	0.0	0.0006605012464362491	0.0	5.438724235930955e-05	0.0	0.0	0.00046102079501175844	0.0
Cycle_77	0.26143593501406037	2.90756053492237e-06	0.0009308927736609062	0.004218159442061811	0.011168031064480655	0.0219348616129516	0.00033722233954969113	0.0	0.0	1.0152368264056724	0.0	0.0	0.0	0.0	0.0	0.000669636736918559	0.0	5.723512494309125e-05	0.0	0.0	0.0004601686451641805	0.0
Cycle_78	0.2658635460212121	3.1794367133606964e-06	0.0011007874525478165	0.004284859077734324	0.010977067888967197	0.021614555568609483	0.00037992717149864586	0.0	0.0	1.0152025089964873	0.0	0.0	0.0	0.0	0.0	0.0006870976793899913	0.0	6.192518165305894e-05	0.0	0.0	0.00044910456325032873	0.0
Cycle_79	0.2609201619231477	3.9477622819217425e-06	0.0009521947890824553	0.00420623954933677	0.011090617433440138	0.02175639150467111	0.0003420319804110812	0.0	0.0	1.015316673605465	0.0	0.0	0.0	0.0	0.0	0.0006736681751656296	0.0	6.385392610101608e-05	0.0	0.0	0.0004484859040510439	0.0
Cycle_80	0.263433183416038	3.962231913414186e-06	0.001046603581439429	0.004213571579737965	0.011019193351338672	0.02184819692081158	0.00029489135652313044	0.0	0.0	1.0152754989714343	0.0	0.0	0.0	0.0	0.0	0.000668216582883407	0.0	5.6313516216985744e-05	0.0	0.0	0.00046720610983032123	0.0
Cycle_81	0.2615991790191786	3.3308318131424104e-06	0.0010753729399050368	0.004226240910853983	0.01137907065657105	0.02207064064731498	0.00023681977298299986	0.0	0.0	1.015303928991593	0.0	0.0	0.0	0.0	0.0	0.0006617032952547414	0.0	5.099618532587728e-05	0.0	0.0	0.00047122755166772794	0.0
Cycle_82	0.26091365585991366	3.5386638485743432e-06	0.0009674768294845738	0.004220734954940764	0.010710240760421225	0.021288597903385383	0.0003353924302398844	0.0	0.0	1.0153256847967718	0.0	0.0	0.0	0.0	0.0	0.0006762891036515803	0.0	5.859000155729161e-05	0.0	0.0	0.0004593327198564166	0.0
Cycle_83	0.26038986352141424	3.3009287565924925e-06	0.001122691795067005	0.004230259687731796	0.01070936220817476	0.02136343308565884	0.0003689313105654402	0.0	0.0	1.015317353661444	0.0	0.0	0.0	0.0	0.0	0.000689237852075348	0.0	6.029504799317203e-05	0.0	0.0	0.0004555396116111118	0.0
Cycle_84	0.26428677762963665	3.5716224209147323e-06	0.001062213804708185	0.004198420766308364	0.011039098409740246	0.02170944151536931	0.00028672829095661377	0.0	0.0	1.0152583996280873	0.0	0.0	0.0	0.0	0.0	0.0006697242767167412	0.0	5.2702722875879664e-05	0.0	0.0	0.0004702341499656894	0.0
Cycle_85	0.2606520501959444	3.509224128136904e-06	0.001128555058134548	0.004228991265165521	0.011069332438590542	0.021647124873289982	0.00028399879653433164	0.0	0.0	1.0152890590164507	0.0	0.0	0.0	0.0	0.0	0.000673037810170193	0.0	5.7089878189846955e-05	0.0	0.0	0.00046466722625133986	0.0
Cycle_86	0.2631178159830241	3.795136130977164e-06	0.0010261108387116249	0.004167112587684733	0.010953634802816479	0.021586027011681642	0.0003101784038859279	0.0	0.0	1.0153510107325685	0.0	0.0	0.0	0.0	0.0	0.0006731369098663687	0.0	5.473959128271567e-05	0.0	0.0	0.00045443961291140506	0.0
Cycle_87	0.2635392577971295	3.3855889410506134e-06	0.0010551648250947995	0.00420833945884797	0.011348522872247574	0.021887428638063984	0.0002570546882160093	0.0	0.0	1.0153332099482832	0.0	0.0	0.0	0.0	0.0	0.0006654194485701837	0.0	5.507683369123252e-05	0.0	0.0	0.000451742204581383	0.0
Cycle_88	0.26663319437849314	3.857786776492332e-06	0.0011070187057524601	0.0042056300992005646	0.01125087828932785	0.02208507868346363	0.0002900388044692625	0.0	0.0	1.0153874781661876	0.0	0.0	0.0	0.0	0.0	0.0006823619075335895	0.0	5.739214066279013e-05	0.0	0.0	0.00045666340194262236	0.0
Cycle_89	0.2602794720054824	3.1069076835294742e-06	0.0011504121056915564	0.004235800107714641	0.01103292301593332	0.021607527707327726	0.00030760946588613704	0.0	0.0	1.0154213219601493	0.0	0.0	0.0	0.0	0.0	0.0007004793940992281	0.0	5.941633250647912e-05	0.0	0.0	0.00046331089889673155	0.0
Cycle_90	0.26487647972239137	3.309101388679792e-06	0.0010459756668186409	0.004173590196817669	0.01114477230159907	0.021860618147468276	0.0002883734612847948	0.0	0.0	1.0154284724130183	0.0	0.0	0.0	0.0	0.0	0.0006838768610145513	0.0	5.736489607333821e-05	0.0	0.0	0.0004516105307586569	0.0
Cycle_91	0.27024441511132263	4.227705300316996e-06	0.001088513030426349	0.004205059713891753	0.011230352386171824	0.022039956151540054	0.0002279483511275953	0.0	0.0	1.0155231214646157	0.0	0.0	0.0	0.0	0.0	0.0006847848950729953	0.0	5.099974400512016e-05	0.0	0.0	0.00046370094434335763	0.0
Cycle_92	0.25873301008402644	3.3486707591269755e-06	0.0010521157760966817	0.004129552408742837	0.011079573534651633	0.02146296126404801	0.00021777080525489198	0.0	0.0	1.0154626539670366	0.0	0.0	0.0	0.0	0.0	0.0006887259332950669	0.0	5.988848418314145e-05	0.0	0.0	0.00046194073530941415	0.0
Cycle_93	0.2660398731399638	3.4779612325181093e-06	0.0010728216947804086	0.004179731270678164	0.011179262702621368	0.02178036352630113	0.00020579292215608337	0.0	0.0	1.0154836321339193	0.0	0.0	0.0	0.0	0.0	0.0006822089623685429	0.0	5.466552722980031e-05	0.0	0.0	0.00046341523716571286	0.0
Cycle_94	0.2661145398195906	3.889828804630913e-06	0.0010715455812987354	0.004141749690423755	0.011196805541746546	0.02179651569681887	0.00015756448660963666	0.0	0.0	1.0153687293791431	0.0	0.0	0.0	0.0	0.0	0.0006791367630610663	0.0	5.5335473224785636e-05	0.0	0.0	0.00046023923436286124	0.0
Cycle_95	0.2619254522644924	3.4380492803739744e-06	0.0010720156295130829	0.00418178400560585	0.011033896022791036	0.021602732375747415	0.00021071784958319275	0.0	0.0	1.015506762027624	0.0	0.0	0.0	0.0	0.0	0.0006879128232399031	0.0	5.517752915433607e-05	0.0	0.0	0.0004607235767525809	0.0
Cycle_96	0.26622632317497424	4.519373986339376e-06	0.0010603102163731508	0.00414014229228807	0.011195905874889162	0.021725626683597947	0.00018951602019790892	0.0	0.0	1.0154634286431838	0.0	0.0	0.0	0.0	0.0	0.0006829473742398129	0.0	6.264505725391836e-05	0.0	0.0	0.0004665720952325433	0.0
Cycle_97	0.2657318275360219	3.2569094621637653e-06	0.0010888538119326941	0.004113556288437113	0.010987795349960685	0.021658650773542558	0.00020017780393268565	0.0	0.0	1.0155338514562766	0.0	0.0	0.0	0.0	0.0	0.0006842259991183096	0.0	5.384060833463229e-05	0.0	0.0	0.00047903163168277313	0.0
Cycle_98	0.2647009874955002	4.054599257991237e-06	0.0010590037230671263	0.004112789536629395	0.011144524412363091	0.021842456942254878	0.00019094953295963025	0.0	0.0	1.015526245147374	0.0	0.0	0.0	0.0	0.0	0.0006796143921771071	0.0	5.6487200567868774e-05	0.0	0.0	0.00047230558919970217	0.0
Cycle_99	0.264648576625145	3.203863747113021e-06	0.0010308701190089161	0.004086280820196434	0.01097599040700969	0.021541964612057145	0.00017283394606465726	0.0	0.0	1.0155998329849605	0.0	0.0	0.0	0.0	0.0	0.000693266001542901	0.0	5.363381993528551e-05	0.0	0.0	0.0004623038504040254	0.0
Cycle_100	0.2666568262098533	3.2093068495048466e-06	0.0010489273889186569	0.0041335744397986655	0.01114434904955619	0.02175490896163728	0.00014266193643657337	0.0	0.0	1.0154976987148134	0.0	0.0	0.0	0.0	0.0	0.0006799366367332814	0.0	5.603062221893939e-05	0.0	0.0	0.000473466933440127	0.0
Cycle_101	0.2670830681690836	4.251737221217921e-06	0.0010317437014982984	0.0040940285242108895	0.011269941630956222	0.02172273996934552	0.00014792738539629434	0.0	0.0	1.0155045875051822	0.0	0.0	0.0	0.0	0.0	0.0006776170033142741	0.0	6.04810466621898e-05	0.0	0.0	0.0004677120437757807	0.0
Cycle_102	0.268895813224062	2.73843611822114e-06	0.0010935574333416978	0.0040817387900125126	0.01094538981818353	0.021609889125420247	0.00014204035431193408	0.0	0.0	1.0154819826649581	0.0	0.0	0.0	0.0	0.0	0.0006733734065984548	0.0	5.8509109352906143e-05	0.0	0.0	0.000468131185664662	0.0
Cycle_103	0.26601515443104795	2.662626405856611e-06	0.0011249249912354932	0.00413907679776982	0.011362638047592794	0.021869496296068214	0.00011380855222862517	0.0	0.0	1.015637692244526	0.0	0.0	0.0	0.0	0.0	0.000694575446499418	0.0	5.689880325257703e-05	0.0	0.0	0.0004653534837206062	0.0
Cycle_104	0.2707087112540498	4.099140046148265e-06	0.0010326821122447199	0.0041015347779352835	0.011007892275149552	0.021721570317884322	0.00016542098377039915	0.0	0.0	1.0156334363574282	0.0	0.0	0.0	0.0	0.0	0.0006836856379138021	0.0	5.720167441405119e-05	0.0	0.0	0.0004661256158087032	0.0
Cycle_105	0.2667473432553943	4.103650241301271e-06	0.0010345776390331394	0.004068596162861112	0.011221159376970371	0.021553388755221392	0.00010239975602838686	0.0	0.0	1.0156376256512467	0.0	0.0	0.0	0.0	0.0	0.000685746937057862	0.0	6.103051027440035e-05	0.0	0.0	0.0004760155999697368	0.0
Cycle_106	0.27246303442018505	3.860141698652927e-06	0.0010387326154183455	0.004080400732838611	0.011201210937557153	0.0218430618616656	0.0001189293914727301	0.0	0.0	1.015607124593653	0.0	0.0	0.0	0.0	0.0	0.0006815851696051695	0.0	6.092281453633227e-05	0.0	0.0	0.00047578737332675236	0.0
Cycle_107	0.26698383533983	3.5911344813234296e-06	0.0011406164968095415	0.004098008925204011	0.011042678305667094	0.02175833134763859	0.0001100197793079651	0.0	0.0	1.0156629369455392	0.0	0.0	0.0	0.0	0.0	0.0007026518316410132	0.0	5.478591976986552e-05	0.0	0.0	0.0004600404903714302	0.0
Cycle_108	0.2681742395280729	3.421415253174382e-06	0.0010858879032227568	0.0040847044028229544	0.01132552742653711	0.021766574003498896	8.199326116552482e-05	0.0	0.0	1.0156501639030575	0.0	0.0	0.0	0.0	0.0	0.0006888002534168369	0.0	5.1408565804554264e-05	0.0	0.0	0.0004743238156938154	0.0
Cycle_109	0.2707804118880232	3.629393616947415e-06	0.0008941397525265477	0.004015726722479793	0.011228837826514931	0.021691828310067794	3.500344545622677e-05	0.0	0.0	1.0156165500271974	0.0	0.0	0.0	0.0	0.0	0.0006739858610170132	0.0	5.098287253203054e-05	0.0	0.0	0.00047919420314458726	0.0
Cycle_110	0.2707160760193952	2.691012394276935e-06	0.0011118790156319387	0.0040686242883762064	0.010955931808321984	0.021499312453330876	0.00014844598737064686	0.0	0.0	1.0156568610767025	0.0	0.0	0.0	0.0	0.0	0.0006891333028896637	0.0	5.5657906940034526e-05	0.0	0.0	0.0004778971281492947	0.0
Cycle_111	0.2678658691139089	3.7889085448810506e-06	0.0009559990274652995	0.0040160498783174195	0.011176081039593852	0.021470564031504078	6.183071121223838e-05	0.0	0.0	1.015708560605512	0.0	0.0	0.0	0.0	0.0	0.0006947432603068548	0.0	5.687655341909185e-05	0.0	0.0	0.00047366246665033325	0.0
Cycle_112	0.2727087269767706	3.439706682577953e-06	0.0009948428934477857	0.004072695463520645	0.011152913637015179	0.02171269988831643	0.00011326617766047282	0.0	0.0	1.0157183044994225	0.0	0.0	0.0	0.0	0.0	0.0007029907071019602	0.0	5.433847641128883e-05	0.0	0.0	0.00046952970492463873	0.0
Cycle_113	0.26992753652513146	3.160964308709371e-06	0.0011314815836228544	0.004069419458029643	0.01120475862493539	0.021703432140234485	6.359632042636008e-05	0.0	0.0	1.0156267422181096	0.0	0.0	0.0	0.0	0.0	0.0006804851851609531	0.0	5.790815693791305e-05	0.0	0.0	0.0004667818654020382	0.0
Cycle_114	0.2658756216867229	3.908323333617154e-06	0.0010025587247804103	0.004037010728433862	0.011139144124595742	0.0217185506258866	6.370662806969866e-05	0.0	0.0	1.0157425900710304	0.0	0.0	0.0	0.0	0.0	0.0006748156425224185	0.0	5.340235151052513e-05	0.0	0.0	0.000473237259944569	0.0
Cycle_115	0.266761305953762	4.687264752122533e-06	0.0010536395130340667	0.003988890114573167	0.010724491545923663	0.02114875983780044	7.130246169559545e-05	0.0	0.0	1.0157357223498529	0.0	0.0	0.0	0.0	0.0	0.0006728410592943895	0.0	5.7755220332490146e-05	0.0	0.0	0.00046923142566194907	0.0
Cycle_116	0.2691217523519905	3.866490761891784e-06	0.0010359331113171202	0.003998008074840075	0.010764083783580491	0.021427786104114006	6.15397714030238e-05	0.0	0.0	1.0157439576937106	0.0	0.0	0.0	0.0	0.0	0.000685050737116505	0.0	4.884141195550692e-05	0.0	0.0	0.00047874946987328524	0.0
Cycle_117	0.26760867950141864	3.6818390759826933e-06	0.0009852015591177115	0.003971345228338222	0.0110509951390421	0.021235173755989444	2.0638038804537083e-05	0.0	0.0	1.0157422495483572	0.0	0.0	0.0	0.0	0.0	0.0006902123442161505	0.0	6.024777149192037e-05	0.0	0.0	0.0004784531985741984	0.0
Cycle_118	0.2726708599759518	4.1856652180792715e-06	0.001063167747910761	0.003987905710946346	0.011131756189477272	0.02165664858658355	4.755210977273451e-05	0.0	0.0	1.0158140216084888	0.0	0.0	0.0	0.0	0.0	0.0006740383367767099	0.0	5.371017916079218e-05	0.0	0.0	0.0004684921185365559	0.0
Cycle_119	0.26955478463515614	3.334174010772553e-06	0.0010696263155021023	0.00399922034077623	0.011186292765632058	0.021727985808881765	6.523880154792851e-05	0.0	0.0	1.0157672482113138	0.0	0.0	0.0	0.0	0.0	0.0006854868458232242	0.0	5.449041367148748e-05	0.0	0.0	0.0004696246282378903	0.0
Cycle_120	0.27264093963019237	3.899831153596222e-06	0.001053020725800341	0.0040153741785067705	0.011128496440450535	0.021822251986344927	5.182129454569264e-05	0.0	0.0	1.0157862699050622	0.0	0.0	0.0	0.0	0.0	0.0006831339692542614	0.0	6.238413902541999e-05	0.0	0.0	0.0004711851445686202	0.0
Cycle_121	0.2726206118077869	3.998227451558525e-06	0.0010496537815021625	0.00394414258610592	0.01075767306679669	0.02109345811491702	0.0	0.0	0.0	1.0158134718028327	0.0	0.0	0.0	0.0	0.0	0.0006718320886657791	0.0	4.890346538329391e-05	0.0	0.0	0.0004731190476434484	0.0
Cycle_122	0.2708706721886203	3.824432857195111e-06	0.001067584218748868	0.003973812777651865	0.011058310892129419	0.021638210741828312	3.276695733474434e-05	0.0	0.0	1.0157765354603114	0.0	0.0	0.0	0.0	0.0	0.0006852082733369203	0.0	5.367257728655371e-05	0.0	0.0	0.0004797859695842587	0.0
Cycle_123	0.27685406080839087	4.03573339450116e-06	0.0010668325602369614	0.003965526844262336	0.01075178137036091	0.02128161471556332	1.960587129226954e-05	0.0	0.0	1.0158119631146705	0.0	0.0	0.0	0.0	0.0	0.0006829397517195608	0.0	5.0505134181266824e-05	0.0	0.0	0.0004734914660376223	0.0
Cycle_124	0.2705795347732755	4.038774072178979e-06	0.0009905225674382468	0.003979631472935931	0.010989603192210384	0.021656632018575553	0.0	0.0	0.0	1.015827857472748	0.0	0.0	0.0	0.0	0.0	0.0006849345280169413	0.0	4.981550589891198e-05	0.0	0.0	0.0004745330433486365	0.0
Cycle_125	0.27641636904132527	3.2277913601433915e-06	0.0010742580462424695	0.003993772678578233	0.010922509100719603	0.021610806374181068	3.2462231707193805e-05	0.0	0.0	1.0158621380467923	0.0	0.0	0.0	0.0	0.0	0.0006759966144357168	0.0	5.220695863638887e-05	0.0	0.0	0.0004788993823327802	0.0
Cycle_126	0.2732894409064593	3.232731213997323e-06	0.0010920136864659338	0.003933368502882935	0.010928796826469668	0.021509169226455942	1.284381044018137e-05	0.0	0.0	1.0158077973775241	0.0	0.0	0.0	0.0	0.0	0.0006940377932624792	0.0	5.6264749382204194e-05	0.0	0.0	0.0004745440027193181	0.0
Cycle_127	0.27219942204420866	3.1834164839954302e-06	0.0009826603338117237	0.00394988308674352	0.011106303638126558	0.02163677609004505	2.5568498056692405e-05	0.0	0.0	1.0158949491044091	0.0	0.0	0.0	0.0	0.0	0.000697103641010743	0.0	5.8192780118083753e-05	0.0	0.0	0.0004789104855038589	0.0
Cycle_128	0.2711500846215565	3.503076810425015e-06	0.000995120360739614	0.003957207005735335	0.011003611941883044	0.021416029768622547	1.3414769193013575e-05	0.0	0.0	1.0157989819916908	0.0	0.0	0.0	0.0	0.0	0.0006973468915385175	0.0	5.458484101093805e-05	0.0	0.0	0.0004813691236483685	0.0
Cycle_129	0.27411012704466137	4.14394328021842e-06	0.0011013889515126406	0.003957080593175078	0.011212653419047239	0.021645254602721375	0.0	0.0	0.0	1.0158975447698602	0.0	0.0	0.0	0.0	0.0	0.0007025172870807801	0.0	5.594070446599673e-05	0.0	0.0	0.0004646530072222775	0.0
Cycle_130	0.272730729303803	3.4190551587806486e-06	0.0009388192807303384	0.003936616139269093	0.010935927986293868	0.021590760247135677	4.3832555606219185e-05	0.0	0.0	1.0158693620005417	0.0	0.0	0.0	0.0	0.0	0.0006895122621052845	0.0	5.606048881735992e-05	0.0	0.0	0.0004815983172857416	0.0
Cycle_131	0.2799192997811894	3.767675703079271e-06	0.0009737347798836988	0.0038837410270718235	0.011110115378039473	0.02134382679413569	0.0	0.0	0.0	1.0158202549927051	0.0	0.0	0.0	0.0	0.0	0.0006684083125902154	0.0	5.106741890379448e-05	0.0	0.0	0.0004934446875888868	0.0
Cycle_132	0.27256186248893244	3.580426130835415e-06	0.0009790226980320455	0.003907993193227805	0.010886459056303794	0.02154184138599389	0.0	0.0	0.0	1.0159321126631327	0.0	0.0	0.0	0.0	0.0	0.0006701118346249083	0.0	5.488906325317664e-05	0.0	0.0	0.00047177061900240846	0.0
Cycle_133	0.27074078837907123	3.7591320311788938e-06	0.0009324896992106285	0.0038730642624127927	0.011173207601308351	0.02148477602197684	0.0	0.0	0.0	1.0158517380653311	0.0	0.0	0.0	0.0	0.0	0.0006504906540336209	0.0	4.907681253308965e-05	0.0	0.0	0.00047621243691091966	0.0
Cycle_134	0.2688804098365839	4.4425034244383285e-06	0.0009894608598635605	0.0038919444645343507	0.011017615210333495	0.021309239178655695	0.0	0.0	0.0	1.0159643199259913	0.0	0.0	0.0	0.0	0.0	0.000673549270237686	0.0	5.1079710391425416e-05	0.0	0.0	0.00047255355899354775	0.0
Cycle_135	0.2700373595235416	3.9766794884689e-06	0.000986798432193777	0.0038806393251452896	0.011189146282744797	0.021366505139043195	0.0	0.0	0.0	1.0159178716379584	0.0	0.0	0.0	0.0	0.0	0.0006673199832888568	0.0	5.162716990786406e-05	0.0	0.0	0.00047167444780498656	0.0
Cycle_136	0.2677585477835216	3.40963720882193e-06	0.0010157508628686111	0.003915424477597016	0.01103116495236585	0.021430601151451407	0.0	0.0	0.0	1.0159223983596308	0.0	0.0	0.0	0.0	0.0	0.0006751667969339069	0.0	4.531348022808536e-05	0.0	0.0	0.0004809888769149129	0.0
Cycle_137	0.26511974877951044	3.120292902202991e-06	0.0009992984768533479	0.003900378274925477	0.010806786980056549	0.021143167494639386	1.3121383906142851e-05	0.0	0.0	1.0159227650351845	0.0	0.0	0.0	0.0	0.0	0.0006927366210311419	0.0	5.016258186837119e-05	0.0	0.0	0.0004903395257818457	0.0
Cycle_138	0.2704429465300507	3.5680806409815946e-06	0.0010660826845404203	0.0038712272489041873	0.011254282926025573	0.02140422864539467	0.0	0.0	0.0	1.0158236955214541	0.0	0.0	0.0	0.0	0.0	0.0006486961363223001	0.0	5.349223197320766e-05	0.0	0.0	0.0004599886787358707	0.0
Cycle_139	0.27099243590980227	3.6269580220220056e-06	0.001130601566237436	0.0038751957862638684	0.0108736640576552	0.021188895999872476	0.0	0.0	0.0	1.015921511253146	0.0	0.0	0.0	0.0	0.0	0.0006773913977457067	0.0	5.2853970174144516e-05	0.0	0.0	0.00047903980139973797	0.0
Cycle_140	0.27040636941811236	3.780196052114509e-06	0.0009985014649165221	0.0038247899770532503	0.01091560160500202	0.021031605359711436	0.0	0.0	0.0	1.015899822796611	0.0	0.0	0.0	0.0	0.0	0.0006764493786033457	0.0	5.1212078610832955e-05	0.0	0.0	0.0004862871185291909	0.0
Cycle_141	0.27284680548978923	3.939623489193357e-06	0.0010121400054608708	0.003886071770880822	0.011037750930724306	0.021094130633632985	0.0	0.0	0.0	1.0158786251820713	0.0	0.0	0.0	0.0	0.0	0.0006828216764274649	0.0	5.138919668473544e-05	0.0	0.0	0.0004881224972916898	0.0
Cycle_142	0.2737991543248414	4.33994925763893e-06	0.0010363553949431935	0.0038501320859048666	0.01100189771005223	0.021280686852968213	0.0	0.0	0.0	1.0159683882197033	0.0	0.0	0.0	0.0	0.0	0.0006790747836673543	0.0	5.541366214974262e-05	0.0	0.0	0.00048098066238248246	0.0
Cycle_143	0.2605054624308917	3.740955129084779e-06	0.0010217171251634125	0.0036841298587020005	0.008029308534114498	0.01328417629085122	0.0	0.0	7.089451956515315e-05	1.0142676756613604	0.0	0.0	0.0	0.0	0.0001854507273876508	0.0	0.0037613371200543844	3.4205221965810365e-05	0.0	0.0	0.0003312957923502	0.0
Cycle_144	0.014625262789967883	3.311724445340396e-06	0.0002542799449128297	0.0031525687086631127	0.00013825106105870962	0.0001873722139839381	0.0	0.0	0.0	1.0160698423650114	0.0	0.0	0.0	0.0	0.0	0.0006428415241253824	0.000309170958482063	0.0	0.0	0.0	0.0003213612951679103	0.0
Cycle_145	0.004581417878334853	3.2413227104695233e-06	6.720358713436157e-05	0.002558336959581446	3.0457948491165725e-05	0.00011171472066465067	0.0	0.0	1.0660364800512214e-05	1.0160432370250223	0.0	0.0	0.0	0.0	0.0	0.0005266009751916167	0.0	0.0	0.0	0.0	0.00029357612211802276	0.0
Cycle_146	0.004142798692839671	2.496733773134672e-06	3.639998867005167e-05	0.002407053017126378	7.186037525331294e-05	0.000433000320553101	0.0	0.0	2.5178459942720227e-05	1.0160433556970996	0.0	0.0	0.0	0.0	0.0	0.0004841840897231619	0.0	0.0	0.0	0.0	0.00030083105664324635	0.0
Cycle_147	0.008934404201153708	2.720266686575927e-06	3.8474732541987286e-05	0.0024009107070719522	9.985469337444318e-05	0.0008196684592084996	0.0	0.0	4.230995311250939e-05	1.016012588407609	0.0	0.0	0.0	0.0	0.0	0.00047302567444467905	0.0	0.0	0.0	0.0	0.0002865758738340976	0.0
Cycle_148	0.00914357718553971	2.6778329909246386e-06	3.308423123851505e-05	0.0023963005054422433	9.18499482725166e-05	0.000932739375503934	0.0	0.0	5.21964043571599e-05	1.0159934298997466	0.0	0.0	0.0	0.0	0.0	0.0004609371856749933	0.0	0.0	0.0	0.0	0.0002895039541337117	0.0
Cycle_149	0.009788027791174566	2.4618834957464944e-06	3.236457522553456e-05	0.0023808063328021843	0.00014685500984247928	0.0011335549436386435	0.0	0.0	5.74971228898342e-05	1.0159866805914382	0.0	0.0	0.0	0.0	0.0	0.00045513039401876666	0.0	0.0	0.0	0.0	0.0002940208161762955	0.0
Cycle_150	0.010508189169928132	2.74253402654653e-06	4.003082958538646e-05	0.0023782649169613404	0.00026551738129897644	0.0015269333749498234	0.0	0.0	6.939251763941584e-05	1.015988421413464	0.0	0.0	0.0	0.0	0.0	0.0004508093567582236	0.0	0.0	0.0	0.0	0.0002926587199453099	0.0
Cycle_151	0.011735377819207062	3.3748340619547006e-06	5.230501735149913e-05	0.0023846713548538174	0.0003747694884213506	0.0019651687410087554	0.0	0.0	8.054988015823082e-05	1.01595212483779	0.0	0.0	0.0	0.0	0.0	0.00045091068030852073	0.0	0.0	0.0	0.0	0.0002884956907116882	0.0
Cycle_152	0.01290647238607037	2.928504820410921e-06	5.9446532453564e-05	0.0024041580376418336	0.00044701517667560605	0.002294953811353374	0.0	0.0	9.727375162363696e-05	1.0159494308078445	0.0	0.0	0.0	0.0	0.0	0.00044592359271621127	0.0	0.0	0.0	0.0	0.00030286030708599624	0.0
Cycle_153	0.013157332320053464	2.0867431968627148e-06	5.69005806087122e-05	0.002402276096032791	0.0004526320753757288	0.002444134110285109	0.0	0.0	0.00010474723310806564	1.015914902522915	0.0	0.0	0.0	0.0	0.0	0.0004440812975090976	0.0	0.0	0.0	0.0	0.00030187975472220906	0.0
Cycle_154	0.013075546918986207	2.8231393345430865e-06	4.433292679763373e-05	0.002407758699835722	0.00040473557264473613	0.0023058904987729896	0.0	0.0	0.00010690058135694431	1.0159455091276222	0.0	0.0	0.0	0.0	0.0	0.0004427526892357089	0.0	0.0	0.0	0.0	0.0003011881282095516	0.0
Cycle_155	0.01322984224690594	3.119663238372421e-06	5.745851987890924e-05	0.0023844073453770697	0.0004151114082745112	0.0023480024204369917	0.0	0.0	0.00011353474922066369	1.0158815581170613	0.0	0.0	0.0	0.0	0.0	0.00043830354822847403	0.0	0.0	0.0	0.0	0.0002988632275901992	0.0
Cycle_156	0.01193774172044684	2.7471329327863536e-06	4.3545418259174464e-05	0.0023628823490311683	0.00037418699073050234	0.0023915564686541337	0.0	0.0	0.0001273471823275376	1.0158760970487117	0.0	0.0	0.0	0.0	0.0	0.00043421404532014996	0.0	0.0	0.0	0.0	0.00030072744840649833	0.0
Cycle_157	0.011861363654575815	3.446014565730452e-06	3.382163098045867e-05	0.0023481998730322316	0.00036220823268513785	0.0024301223793795046	0.0	0.0	0.00013181054232354772	1.0158897777600715	0.0	0.0	0.0	0.0	0.0	0.00043362354165927077	0.0	0.0	0.0	0.0	0.0003100225776222069	0.0
Cycle_158	0.011911434892084577	3.5867282206423464e-06	4.003501235559122e-05	0.002323487918757934	0.00029585492640735986	0.002161491275963601	0.0	0.0	0.00012257066571420779	1.0158273347249596	0.0	0.0	0.0	0.0	0.0	0.00042663330372976323	0.0	0.0	0.0	0.0	0.0003097753591830161	0.0
Cycle_159	0.010044229573019219	2.4819501582008497e-06	2.7423774690494346e-05	0.002300051306216989	0.00029098188809386906	0.002181269041325919	0.0	0.0	0.00013086852359784503	1.015880208777324	0.0	0.0	0.0	0.0	0.0	0.00042668837860256547	0.0	0.0	0.0	0.0	0.000304475931791841	0.0
Cycle_160	0.010215635218086916	3.0851204458243234e-06	4.1801558694277435e-05	0.0022897131092345104	0.00037017205062538284	0.00242521018138192	0.0	0.0	0.00014671559388891537	1.0158216598780383	0.0	0.0	0.0	0.0	0.0	0.0004248983638698212	0.0	0.0	0.0	0.0	0.00031697620077306295	0.0
Cycle_161	0.010808753460457388	3.3688270053212252e-06	4.528093175038327e-05	0.002286331433990094	0.00038255804059716915	0.0025429402705180204	0.0	0.0	0.00015319149112010024	1.0157812968598021	0.0	0.0	0.0	0.0	0.0	0.0004242424292919218	0.0	0.0	0.0	0.0	0.0003102775812735835	0.0
Cycle_162	0.009749384349562006	2.7447151854360467e-06	2.6607480623618708e-05	0.0022766281021622155	0.0002494870251376316	0.00211052906664145	0.0	0.0	0.00014501673657854215	1.0157756027967273	0.0	0.0	0.0	0.0	0.0	0.00042184985952266725	0.0	0.0	0.0	0.0	0.0002998110022808836	0.0
Cycle_163	0.008801246881634797	2.5200045414952147e-06	2.7251751995716464e-05	0.0022419683353077074	0.00027672636930502686	0.0022256433322475015	0.0	0.0	0.00015626454044353309	1.0157596895817271	0.0	0.0	0.0	0.0	0.0	0.0004191590947891015	0.0	0.0	0.0	0.0	0.00030849142599157777	0.0
Cycle_164	0.008809074065176383	2.8806618657324953e-06	2.6236278638924645e-05	0.002214033163730064	0.00024362238585117025	0.0021214708682652395	0.0	0.0	0.00015493545771799605	1.015746355808527	0.0	0.0	0.0	0.0	0.0	0.00041704542788957447	0.0	0.0	0.0	0.0	0.00030768469685499137	0.0
Cycle_165	0.008263082017160276	3.3342043897646814e-06	2.2530010254793775e-05	0.002216351205948421	0.0002387371899304505	0.002140341521718237	0.0	0.0	0.00016015518273260822	1.0157869495465677	0.0	0.0	0.0	0.0	0.0	0.00041749879112229005	0.0	0.0	0.0	0.0	0.00030791138844836073	0.0
Cycle_166	0.00756430745681849	2.476688518395789e-06	1.9373195242815407e-05	0.0021906648746304954	0.0001929969225317895	0.001974528271338782	0.0	0.0	0.00014690325602418196	1.0156900775564115	0.0	0.0	0.0	0.0	0.0	0.00041195804655094135	0.0	0.0	0.0	0.0	0.000306268844612278	0.0
Cycle_167	0.007256210581364335	3.093045493167097e-06	1.2240196812037812e-05	0.0021682785545978855	0.00012130214860911256	0.001714611763834925	0.0	0.0	0.0001480982922802789	1.0157053848044968	0.0	0.0	0.0	0.0	0.0	0.0004110275880915442	0.0	0.0	0.0	0.0	0.00031202246924891757	0.0
Cycle_168	0.007079873867454042	2.969187662124705e-06	1.100776076706281e-05	0.0021532243051481195	0.0001212093430211111	0.0017850101481265764	0.0	0.0	0.00015091010123209777	1.0156925251310627	0.0	0.0	0.0	0.0	0.0	0.0004099454690225778	0.0	0.0	0.0	0.0	0.00030448069235206195	0.0
Cycle_169	0.006526665285854772	2.9789315715176306e-06	7.087127711527226e-06	0.00211955823039852	9.26190971071366e-05	0.0016353259035077612	0.0	0.0	0.0001433540554728063	1.015692560678673	0.0	0.0	0.0	0.0	0.0	0.000406523943544547	0.0	0.0	0.0	0.0	0.00030708608475911014	0.0
Cycle_170	0.006195818706334596	3.7525994871871585e-06	5.181260350081634e-06	0.0021071306867789987	5.5106982658214135e-05	0.0014058213719899068	0.0	0.0	0.00013270437428536698	1.015648622383578	0.0	0.0	0.0	0.0	0.0	0.0004032252621331578	0.0	0.0	0.0	0.0	0.00031425876251782453	0.0
Cycle_171	0.005845366715799624	3.738273113337948e-06	4.867464167366773e-06	0.0020811633649164417	8.024242825575568e-05	0.0016041022644469418	0.0	0.0	0.00014668239611625148	1.0156155709387913	0.0	0.0	0.0	0.0	0.0	0.00040238547454359686	0.0	0.0	0.0	0.0	0.0003148090923684994	0.0
Cycle_172	0.005661182747575096	2.7589618385719336e-06	2.5695351897356996e-06	0.0020694951497862023	8.412192238728709e-05	0.0016303484586789113	0.0	0.0	0.000151643943671863	1.0156603957148058	0.0	0.0	0.0	0.0	0.0	0.00040392135803809273	0.0	0.0	0.0	0.0	0.00030637913972963093	0.0
Cycle_173	0.005367643129892122	3.675512465538939e-06	9.936469154653368e-07	0.002053998721164023	6.144846430143915e-05	0.001518169765906325	0.0	0.0	0.00014947222976720631	1.0156156766572677	0.0	0.0	0.0	0.0	0.0	0.00040242986961508425	0.0	0.0	0.0	0.0	0.00031129071316285677	0.0
Cycle_174	0.005148838748455803	2.4236280053873992e-06	0.0	0.002065363383039521	4.751775953951272e-05	0.0015291441202831529	0.0	0.0	0.00014635066283952955	1.01562157875903	0.0	0.0	0.0	0.0	0.0	0.0004005710746785906	0.0	0.0	0.0	0.0	0.00031057135736867306	0.0
Cycle_175	0.0047660655254097755	2.745565472051728e-06	4.0124433659061215e-06	0.002036160243290457	3.5839598368981094e-05	0.0014270408286074327	0.0	0.0	0.00014085179478475764	1.0155473155363761	0.0	0.0	0.0	0.0	0.0	0.00039934186342296897	0.0	0.0	0.0	0.0	0.00030797982663017344	0.0
Cycle_176	0.004404639521138865	3.5090361724345513e-06	0.0	0.0020263722040953	3.32232354868151e-05	0.0014895787178343892	0.0	0.0	0.00014852883572459251	1.0155662889407653	0.0	0.0	0.0	0.0	0.0	0.0003972373865353467	0.0	0.0	0.0	0.0	0.000314161539781816	0.0
Cycle_177	0.004479604256911427	3.382400251556127e-06	7.219914817215876e-08	0.0020023259299341268	2.2741847291090582e-05	0.0013805512051603356	0.0	0.0	0.00014264590031846437	1.0155384726415604	0.0	0.0	0.0	0.0	0.0	0.00039711325535801646	0.0	0.0	0.0	0.0	0.0003137620901220748	0.0
