Molecule	Hydrogen	Deuterium	Methane	Water	Acetylene	Carbon monoxide	Ethylene	Ethane	Oxygen	Argon	Cyclopropene	Allene	Propyne	Propene	Carbon dioxide	Propane	Ethanol	1,3-Butadiyne	1-Buten-3-yne	1,3-Butadiene	1-Butyne	2-Butyne
Cycle_1	0.0004165654693821644	3.7345963148623517e-06	0.0	0.003479481650337646	0.0	0.01905291833719997	0.0	0.0007712102656968066	0.003819618617953554	1.0107472699105475	0.0	0.0	0.0	0.0	0.0	5.5199750665795736e-05	0.0	0.0	0.0	0.0	0.000243595225384424	0.0
Cycle_2	0.00045780482529094715	3.9945766227697166e-06	0.0	0.0038767124223975913	0.0008794568061605339	0.05892421225026604	0.00016510505665555568	8.693229712450457e-05	4.690124981745156e-05	1.0136501979578705	0.0	0.0	0.0	0.0	0.0	0.0005439820619512427	0.0	0.0	0.0	0.0	0.00022979413222140455	0.0
Cycle_3	0.5922971002485914	6.565628608856742e-06	9.86073882395152e-05	0.010680588264933387	0.00774308585141248	0.08454574020614962	0.013293698700626818	0.0	0.0	1.010831136200257	0.0	0.0	0.0	0.00022615103890743298	0.0	0.00034560938195854637	0.0	6.117739982052973e-05	0.0	0.0	0.000312178189103799	0.0
Cycle_4	0.6454782629117577	6.943920912149087e-06	0.00014221761197758795	0.010472692279734483	0.007089862803901246	0.08792156009923892	0.01490631850951409	9.30901296608747e-06	0.0	1.0110475581183687	0.0	0.0	0.0	0.00022277964494302045	0.0	0.00033929312000876275	0.0	6.0310506677677486e-05	0.0	0.0	0.00030759638098545606	0.0
Cycle_5	0.6570612177112591	7.061609005468497e-06	0.0001722340135387343	0.010217332451051959	0.006950415887301123	0.08896403229718682	0.015533711163678913	6.240460752231658e-06	0.0	1.0111243613358718	0.0	0.0	0.0	0.0002533244824068452	0.0	0.000341039976860732	0.0	7.648597509183694e-05	0.0	0.0	0.00029019272197779893	0.0
Cycle_6	0.651520042170869	7.388194746558822e-06	0.00019068896732410184	0.009935367813162389	0.00779795805671838	0.08599836395883986	0.015177836369605053	0.0	0.0	1.0113156076876377	0.0	0.0	0.0	0.0002428947521160741	0.0	0.00036294630275386885	0.0	8.91307103379196e-05	0.0	0.0	0.00029690375869988173	0.0
Cycle_7	0.6615237035891196	8.762981199290378e-06	0.00019887774363838294	0.00969754904293691	0.0086623676979468	0.08367891241147903	0.014945009649894507	0.0	0.0	1.0110712076576849	0.0	0.0	0.0	0.000242928649149929	0.0	0.00035453841927790525	0.0	9.421548642964437e-05	0.0	0.0	0.00030970414075273716	0.0
Cycle_8	0.6494260949403783	1.0628954742152356e-05	0.00022645211735299406	0.00946705642723924	0.008822585344376958	0.08319804050052716	0.014726346645079104	0.0	0.0	1.0111761402736843	0.0	0.0	0.0	0.00022498234327536086	0.0	0.0003644840264452475	0.0	8.951838347750193e-05	0.0	0.0	0.00032556485675899467	0.0
Cycle_9	0.6588460558931648	1.0761108087997077e-05	0.00020798363256013173	0.009215156525814734	0.00865356822374807	0.08441058183383665	0.014926985458860599	0.0	0.0	1.011217363705799	0.0	0.0	0.0	0.0002519087459862568	0.0	0.0003608218369395619	0.0	9.555731080262267e-05	0.0	0.0	0.0003051012372766294	0.0
Cycle_10	0.6556056071066866	1.1224279916497424e-05	0.0001975801190826122	0.00897186937505468	0.008354993779503229	0.0848403194498976	0.0150627909506471	0.0	0.0	1.01120852609374	0.0	0.0	0.0	0.00023531529504519405	0.0	0.00034896390619419026	0.0	9.506385298309393e-05	0.0	0.0	0.0003210871118432848	0.0
Cycle_11	0.6573708694486635	1.163230745942123e-05	0.00019147128064085137	0.008797168478344308	0.008944079041008895	0.08418098085235207	0.014922907017087456	0.0	0.0	1.0113601844644171	0.0	0.0	0.0	0.0002408376391642189	0.0	0.00037219713624977405	0.0	9.769196176707459e-05	0.0	0.0	0.0003084800957267627	0.0
Cycle_12	0.6384487066440316	1.2969165146539717e-05	0.00022515560619805128	0.008548987751533536	0.00867629036831647	0.0842570673620422	0.014967353301493534	0.0	0.0	1.0113215231724935	0.0	0.0	0.0	0.0002218738739046323	0.0	0.00036364604531910575	0.0	9.311436972787546e-05	0.0	0.0	0.0003307491354068589	0.0
Cycle_13	0.6506366259243651	1.3693782695322352e-05	0.0001921935071807015	0.00836210768266085	0.00889394461568055	0.08376348273244243	0.014840350099156302	0.0	0.0	1.0114989390096072	0.0	0.0	0.0	0.0002061523339497797	0.0	0.000370435450590377	0.0	9.374164983217952e-05	0.0	0.0	0.00033750671366139306	0.0
Cycle_14	0.6694088787369945	1.442880242586396e-05	0.0001986402159390604	0.00828793872477991	0.009226021235455146	0.08348345999173387	0.014903747841754448	0.0	0.0	1.0114966009341626	0.0	0.0	0.0	0.00022186829343480647	0.0	0.00037077735512558197	0.0	0.00010431495286336637	0.0	0.0	0.00032594383569353437	0.0
Cycle_15	0.6553118963992075	1.3866876853803399e-05	0.00020752824632778975	0.0080831990373358	0.009529775093601058	0.08359635996407551	0.01474492714590227	0.0	0.0	1.0114166696767801	0.0	0.0	0.0	0.00021508780621370925	0.0	0.00037312854362233033	0.0	0.00010360397823446288	0.0	0.0	0.00034125874494959023	0.0
Cycle_16	0.6584162041435712	1.4381744470269228e-05	0.00019746239189265068	0.007896884085775786	0.008952998324569009	0.08507495371347674	0.014665407455426322	0.0	0.0	1.0115025960884392	0.0	0.0	0.0	0.00021293638474757833	0.0	0.0003727644280116644	0.0	0.00010110374201901665	0.0	0.0	0.00033871484199401395	0.0
Cycle_17	0.6579374983334666	1.4813837267283305e-05	0.00022443728683745293	0.007767837222570751	0.009910649150231482	0.083284793682874	0.014547272288514327	0.0	0.0	1.0115178820705821	0.0	0.0	0.0	0.0002153433865716802	0.0	0.00038691360283136465	0.0	0.00011245559913885036	0.0	0.0	0.00032299576605242567	0.0
Cycle_18	0.654370468736401	1.551042727590741e-05	0.0002148765353091862	0.0075955957990031945	0.010152928277891127	0.08021400589515022	0.014304489003007816	0.0	0.0	1.0114385625780167	0.0	0.0	0.0	0.0001952361320338721	0.0	0.0003788718422586988	0.0	0.000101813967668514	0.0	0.0	0.00036119553727844523	0.0
Cycle_19	0.6588456693277627	1.4913077549285757e-05	0.00019923551118139143	0.007499925670020695	0.009601635341939536	0.08323197074758429	0.014510805939172568	0.0	0.0	1.0115688054661984	0.0	0.0	0.0	0.00020676968367680482	0.0	0.0003838547107815578	0.0	0.00010805174088819219	0.0	0.0	0.00033884499007723497	0.0
Cycle_20	0.6590210388772705	1.6335048841076933e-05	0.00021986109422879172	0.007369537945013452	0.010331522831276384	0.08151506756396362	0.014155126600318943	0.0	0.0	1.0115108353252482	0.0	0.0	0.0	0.0002198874081224449	0.0	0.00038825153121196227	0.0	0.00010940238518570205	0.0	0.0	0.00033958717916346783	0.0
Cycle_21	0.6421338431617911	1.6899752421661775e-05	0.00022196129710571778	0.007310662173622134	0.009993498668153264	0.08239599063919156	0.014313778432334884	0.0	0.0	1.0116219544786023	0.0	0.0	0.0	0.0002322761640097115	0.0	0.0003904166393322872	0.0	0.0001197402704365356	0.0	0.0	0.00032396014683160176	0.0
Cycle_22	0.6469577027768835	1.7447534725861108e-05	0.0002201081942271457	0.007186650048763469	0.010534600059659517	0.0803878001341046	0.014064692574417798	0.0	0.0	1.0115438153958416	0.0	0.0	0.0	0.00021453766803343483	0.0	0.0003839898837422002	0.0	0.0001159208940906261	0.0	0.0	0.00033908106683860266	0.0
Cycle_23	0.6526532162779968	1.622486071077003e-05	0.0002197854011667815	0.007112136255167441	0.011045778954105334	0.08073057416855084	0.01391850910704608	0.0	0.0	1.011590175889389	0.0	0.0	0.0	0.00022843862209348108	0.0	0.000394703289323182	0.0	0.00012092462369816818	0.0	0.0	0.0003200675906443291	0.0
Cycle_24	0.6490640261058703	1.7177889663838966e-05	0.00023005297507263362	0.006972128935493983	0.011018960599026085	0.07927408249167267	0.013548747780604904	0.0	0.0	1.0114744080183629	0.0	0.0	0.0	0.00022150418841356855	0.0	0.00038667240042867786	0.0	0.00012065863820189741	0.0	0.0	0.00033204836832574896	0.0
Cycle_25	0.6533158065861784	1.7638944380556337e-05	0.00022003818783323292	0.006910738767579707	0.01132636643002994	0.07930994942350082	0.013546574318828199	0.0	0.0	1.0115670633927325	0.0	0.0	0.0	0.0002130753826350049	0.0	0.00039420566822154283	0.0	0.0001228698779985505	0.0	0.0	0.0003485149706419355	0.0
Cycle_26	0.6453379602202484	1.8586178869641444e-05	0.00021561673409935302	0.006863394368390249	0.011188161420059517	0.080170475972022	0.013433666778262635	0.0	0.0	1.0115190487398777	0.0	0.0	0.0	0.00021505126709001808	0.0	0.0003916794203425869	0.0	0.00012165873931360512	0.0	0.0	0.0003394816816063534	0.0
Cycle_27	0.652714311842956	1.755614144469033e-05	0.00022545877452005562	0.006768290822474958	0.011707053710274916	0.07918278735118348	0.013151541205736547	0.0	0.0	1.0115651199785296	0.0	0.0	0.0	0.0002121410213825277	0.0	0.00041059058760308724	0.0	0.0001273792687872932	0.0	0.0	0.0003430604366220225	0.0
Cycle_28	0.6499129571675827	1.7996742045525444e-05	0.0002270484746735569	0.006705734094971149	0.011445984225934893	0.07898580170365355	0.01339282788154902	0.0	0.0	1.0115908447806743	0.0	0.0	0.0	0.00022475791738251757	0.0	0.0004080111190433435	0.0	0.0001342872565277637	0.0	0.0	0.0003336631675276438	0.0
Cycle_29	0.6470084327817112	1.820387076752292e-05	0.00024459616032243824	0.006590254748201144	0.012377587779942986	0.07729502081442863	0.012537803410379222	0.0	0.0	1.0114453403663257	0.0	0.0	0.0	0.0002056309524036098	0.0	0.00040360340886167996	0.0	0.00013157773427367937	0.0	0.0	0.0003550703389755521	0.0
Cycle_30	0.6549654759072363	1.8393581075619924e-05	0.00023047719530056544	0.0065321516954464165	0.012343668724102867	0.0769667447964512	0.012324336126435718	0.0	0.0	1.0115709675511912	0.0	0.0	0.0	0.00022003032166110578	0.0	0.0004171395509279896	0.0	0.00013956710867885742	0.0	0.0	0.00033759629131769855	0.0
Cycle_31	0.6553609773650801	1.876161700844082e-05	0.0002437672397806022	0.006480597564967102	0.01292411100250876	0.07588129427188146	0.012067701854636164	0.0	0.0	1.0114975510375874	0.0	0.0	0.0	0.00020335245903802936	0.0	0.000414352069363637	0.0	0.00013496558525367904	0.0	0.0	0.0003492560080024305	0.0
Cycle_32	0.6591647349060334	1.8471120667574396e-05	0.0002573806759515209	0.006436975925899847	0.012780722796623768	0.07606851539701931	0.012405505924699823	0.0	0.0	1.0114729448399107	0.0	0.0	0.0	0.00023074904368376842	0.0	0.0004098031576748108	0.0	0.0001430818973221477	0.0	0.0	0.00033305270739600773	0.0
Cycle_33	0.6502360932469091	1.8240206939282213e-05	0.00025703670151160633	0.0064531842888345195	0.013015907328485338	0.07561704160524846	0.011682947366446397	0.0	0.0	1.0115088307985716	0.0	0.0	0.0	0.0002253002446575173	0.0	0.0004188358190354061	0.0	0.00013904896703855507	0.0	0.0	0.00032843808401503935	0.0
Cycle_34	0.6613983673623525	1.9647786806150855e-05	0.00023879990046525264	0.006330196579085095	0.013917015153841743	0.07449685134097332	0.011152683793818017	0.0	0.0	1.011483713981523	0.0	0.0	0.0	0.00021295235613720044	0.0	0.00042718043842673365	0.0	0.00014517818470801127	0.0	0.0	0.00034660375229480047	0.0
Cycle_35	0.6541976625421697	1.861533600174643e-05	0.00023232862920070279	0.006280692234282438	0.013252622736018516	0.07518398317458014	0.011330036114350555	0.0	0.0	1.011517515816056	0.0	0.0	0.0	0.00021819748942130743	0.0	0.0004298450443118909	0.0	0.00014594313210293628	0.0	0.0	0.00034654637971761855	0.0
Cycle_36	0.6513232619849723	1.930476082646665e-05	0.00026415364888141625	0.006257642611485735	0.014074297033581205	0.07499740135578543	0.011236779029637855	0.0	0.0	1.0114659824774814	0.0	0.0	0.0	0.0002359190802061655	0.0	0.00043356350699256646	0.0	0.00015424588786742044	0.0	0.0	0.00033123398478517957	0.0
Cycle_37	0.6560916591713315	1.9508863357811787e-05	0.0002232304638157752	0.0062020057856694375	0.013688468211797781	0.07351692883002754	0.011025563594853155	0.0	0.0	1.0115760780240772	0.0	0.0	0.0	0.0002024233148843239	0.0	0.00044002864028478393	0.0	0.0001480861276077235	0.0	0.0	0.0003554023607285258	0.0
Cycle_38	0.6494739307561381	2.0729231930452854e-05	0.0002532561409655133	0.006264233200235609	0.01430919831195345	0.07291618903983661	0.01052236613318994	0.0	0.0	1.0115198324617372	0.0	0.0	0.0	0.00021979698571196598	0.0	0.00043162120360747515	0.0	0.00014971145644679143	0.0	0.0	0.0003503561555964802	0.0
Cycle_39	0.6578524619571509	1.904807024146718e-05	0.00023203943362398342	0.0061137970952170545	0.014175754309338746	0.07284477385015053	0.010556052735705987	0.0	0.0	1.0114902403306343	0.0	0.0	0.0	0.00022497666348737834	0.0	0.00043434773231153077	0.0	0.00015424317135109464	0.0	0.0	0.0003356094725404865	0.0
Cycle_40	0.6446080635906207	2.0554151571570718e-05	0.00023854511561785234	0.006084924845486207	0.014429140751467614	0.07282113166640693	0.01034729527563034	0.0	0.0	1.0115067607327728	0.0	0.0	0.0	0.0002197950336385901	0.0	0.00043612793914664947	0.0	0.0001564067577380287	0.0	0.0	0.00034449107664533585	0.0
Cycle_41	0.6557478877033343	1.8801114453413908e-05	0.00024763890092354394	0.00602858277615429	0.014479714998223365	0.07239999370106705	0.010217002929365981	0.0	0.0	1.01146849873965	0.0	0.0	0.0	0.00023291294888063617	0.0	0.00044045625655065684	0.0	0.00015575599813208798	0.0	0.0	0.00032438515293921745	0.0
Cycle_42	0.6581816426752043	2.118853641116321e-05	0.0002403056803780344	0.006014820313264001	0.014721892329535705	0.07214145670552909	0.010009677435538761	0.0	0.0	1.0115721277083278	0.0	0.0	0.0	0.00022392862269242386	0.0	0.0004431675691192943	0.0	0.00016933108328596325	0.0	0.0	0.00034006468118541716	0.0
Cycle_43	0.6666453801725344	1.9662454593795918e-05	0.0002765162456361815	0.005973269964551039	0.014970309411699849	0.07150276303380926	0.009478273042389958	0.0	0.0	1.0115323878937872	0.0	0.0	0.0	0.00021993255585958101	0.0	0.0004530793095468238	0.0	0.0001653871920124836	0.0	0.0	0.0003398952612759932	0.0
Cycle_44	0.6489138215690046	2.009538075041918e-05	0.00023529713164559358	0.00593036219572354	0.014957053102569536	0.07187840160545599	0.00945753447653041	0.0	0.0	1.011529120305047	0.0	0.0	0.0	0.0002108448204075065	0.0	0.00045189124639156075	0.0	0.0001553738078362852	0.0	0.0	0.0003614677632100472	0.0
Cycle_45	0.6469669577182326	2.0471729320505018e-05	0.0002640688022992392	0.005896480195960579	0.01542455454100492	0.07068066081068108	0.00921796102992407	0.0	0.0	1.011564825606334	0.0	0.0	0.0	0.00023339769390314747	0.0	0.00046033760407651055	0.0	0.00016895271602202828	0.0	0.0	0.00033072242417828346	0.0
Cycle_46	0.6533174062216972	1.843687462682944e-05	0.00024384429508146843	0.00587080748220132	0.015834631092911024	0.07070614474696461	0.00903782671155046	0.0	0.0	1.0115353708327788	0.0	0.0	0.0	0.00021908171321232124	0.0	0.0004622765736532772	0.0	0.0001687077976447264	0.0	0.0	0.00034681548405221963	0.0
Cycle_47	0.6564248318880307	1.9689881574585935e-05	0.00023572685115040657	0.0058183510467082035	0.01558840172369192	0.07027150383655378	0.008969484185255035	0.0	0.0	1.0115055306571672	0.0	0.0	0.0	0.00021070161107228355	0.0	0.0004606693365798364	0.0	0.0001608504724258594	0.0	0.0	0.00035545447958817294	0.0
Cycle_48	0.6509560873329618	2.0232618708040983e-05	0.0002713738784525238	0.0058017980630375	0.015862137349103383	0.07057609633427306	0.008582603775565174	0.0	0.0	1.0116170561717481	0.0	0.0	0.0	0.00022333132538733321	0.0	0.0004704529917364628	0.0	0.00017012723169616134	0.0	0.0	0.0003415617063619835	0.0
Cycle_49	0.6555773505345011	2.1558672930581347e-05	0.00025569589932425435	0.00576783018230133	0.01591975844828789	0.07011166089726942	0.008468769332103963	0.0	0.0	1.011501305147242	0.0	0.0	0.0	0.00021996939090551055	0.0	0.00046385480964919505	0.0	0.00016582234117485433	0.0	0.0	0.0003555188454881595	0.0
Cycle_50	0.6546603324873631	2.0501882051122706e-05	0.0002709642199719316	0.0057531893570036035	0.016133556715796013	0.07010450804975266	0.008423625525792526	0.0	0.0	1.0115613700185002	0.0	0.0	0.0	0.00022035815961503436	0.0	0.0004691304719699422	0.0	0.00017556645020367942	0.0	0.0	0.000339815572480267	0.0
Cycle_51	0.6585347211387669	2.055501900507877e-05	0.0002599944700759276	0.005741515531109666	0.01628821410594029	0.07003483772795453	0.008319670092150365	0.0	0.0	1.011537591525231	0.0	0.0	0.0	0.00022914595676394405	0.0	0.0004720006172226377	0.0	0.00016458670257679181	0.0	0.0	0.00035173376739870504	0.0
Cycle_52	0.6566714557108172	2.0161568945066717e-05	0.0002592437713574419	0.005690581255701438	0.016311151208042503	0.06998798806249937	0.008165887308012987	0.0	0.0	1.011601515920057	0.0	0.0	0.0	0.0002158443088674184	0.0	0.0004704837285316308	0.0	0.00016859751255852867	0.0	0.0	0.00034610549711145273	0.0
Cycle_53	0.6541177077582139	2.1030270559766872e-05	0.0002668633040333173	0.00565789564298776	0.016270036051951372	0.06936298328289073	0.00809627583412266	0.0	0.0	1.0115408442682174	0.0	0.0	0.0	0.00021078701058033775	0.0	0.0004640568386602261	0.0	0.00016581027110016935	0.0	0.0	0.0003612111556752995	0.0
Cycle_54	0.6572460265361981	2.1045622361664726e-05	0.000258419619388165	0.00566778511669928	0.01647955631496478	0.06953252682426478	0.008040265041870512	0.0	0.0	1.011631164999158	0.0	0.0	0.0	0.0002189658215678631	0.0	0.00047454742500897834	0.0	0.0001711676800608673	0.0	0.0	0.0003539898118653121	0.0
Cycle_55	0.6521085462631084	2.0579061426325134e-05	0.00025441996841585215	0.0056332147078996374	0.016543634064174514	0.06964867555616364	0.0077772756156226095	0.0	0.0	1.0116232001815277	0.0	0.0	0.0	0.00022530550216193603	0.0	0.00047652923456812393	0.0	0.00017313391559160973	0.0	0.0	0.0003454817381918075	0.0
Cycle_56	0.6512947396929255	2.0567203898121892e-05	0.00024449781044741424	0.005599350358656286	0.016672927565210115	0.06927188388893907	0.007673785978074453	0.0	0.0	1.0115742537390515	0.0	0.0	0.0	0.0002142273916073688	0.0	0.0004739080705548074	0.0	0.00016785277223011502	0.0	0.0	0.0003547604433317805	0.0
Cycle_57	0.6633157389758965	2.039946229426509e-05	0.0002738876807792801	0.005584802954133386	0.016935691397418226	0.06957543817618965	0.007663567706248137	0.0	0.0	1.0117003327799494	0.0	0.0	0.0	0.00021385359788129177	0.0	0.0004838698067815663	0.0	0.00017492658270451975	0.0	0.0	0.00035817629933034494	0.0
Cycle_58	0.6584982954232941	2.0339217728611476e-05	0.00027122956592043226	0.005564346622521984	0.01710180717691769	0.06877782051210843	0.007421436483225654	0.0	0.0	1.011572146285474	0.0	0.0	0.0	0.00020603180709915267	0.0	0.00048063416334881697	0.0	0.00016916102579155146	0.0	0.0	0.00037575542920468896	0.0
Cycle_59	0.6537421103033733	2.216583539125074e-05	0.00029596664195109107	0.0055121981836092565	0.017318577161920264	0.06918367865650821	0.007356683891347376	0.0	0.0	1.0116112058276199	0.0	0.0	0.0	0.00022143848716911323	0.0	0.00048334747973650336	0.0	0.00017414212910355382	0.0	0.0	0.000354954157760174	0.0
Cycle_60	0.6544792232582707	2.132302519672032e-05	0.00028345768732985783	0.00550140530621827	0.017389908389679475	0.06854243755632596	0.007061587356423159	0.0	0.0	1.0116080829034695	0.0	0.0	0.0	0.00022107304371259568	0.0	0.00048666191114141226	0.0	0.00018007037736157014	0.0	0.0	0.0003605734986359165	0.0
Cycle_61	0.6651708960957827	2.0496007906516426e-05	0.0003132621419073269	0.005514170111365326	0.01760104835632726	0.06902860601252031	0.007009709344869027	0.0	0.0	1.011591817584749	0.0	0.0	0.0	0.00022763730437897132	0.0	0.0004864549934442838	0.0	0.00018263172885057215	0.0	0.0	0.00035060160438900453	0.0
Cycle_62	0.6563531832403074	2.0775865519999208e-05	0.0002804269639690706	0.005512581723694748	0.01739365715112317	0.06871749972167104	0.006888367742811126	0.0	0.0	1.0116332215380832	0.0	0.0	0.0	0.00021151046049752443	0.0	0.00047838535622979475	0.0	0.00017577554554614656	0.0	0.0	0.00037066497143009277	0.0
Cycle_63	0.6569459152289541	2.109302741865873e-05	0.0002603228669933287	0.0055036015668257455	0.017617615494894594	0.06913887747710379	0.006759757222890924	0.0	0.0	1.0116019858470358	0.0	0.0	0.0	0.00022275972119535398	0.0	0.0004904958375025888	0.0	0.0001838372800191254	0.0	0.0	0.00035948878320480476	0.0
Cycle_64	0.6637126968507294	2.1168086654804004e-05	0.00028924750448284397	0.005489235957305391	0.019191455489447597	0.07089476887013114	0.006675620187100891	0.0	0.0	1.0116894808239287	0.0	0.0	0.0	0.00024118638865642402	0.0	0.0005012869990419428	0.0	0.00018848694779679596	0.0	0.0	0.0003358790076723469	0.0
Cycle_65	0.6587678592331021	2.061220435337248e-05	0.00030310048866081173	0.0054804860691627325	0.017963355378524844	0.0686936599085612	0.006469743949245189	0.0	0.0	1.0115544867853692	0.0	0.0	0.0	0.00021917713626688106	0.0	0.0004890581457611564	0.0	0.0001826412060908726	0.0	0.0	0.0003672377815968242	0.0
Cycle_66	0.6594708389108547	2.117510198687924e-05	0.0002897362236700092	0.005456958759548773	0.018057455411541194	0.06866607827109093	0.0065504108926199185	0.0	0.0	1.011617358082202	0.0	0.0	0.0	0.00022920621111372072	0.0	0.0004896000866654009	0.0	0.00018347684774286998	0.0	0.0	0.00036287053874731857	0.0
Cycle_67	0.6570186471078329	2.09588961941733e-05	0.00028367137305420096	0.005407941598462645	0.017745837639737968	0.06817421693204179	0.0065451034531190675	0.0	0.0	1.0116328239095986	0.0	0.0	0.0	0.00020612743301567357	0.0	0.0004909625239011419	0.0	0.00017768205491279227	0.0	0.0	0.00038578065362187435	0.0
Cycle_68	0.6645972453505401	2.1430782609861698e-05	0.000306214333818496	0.005373630421140129	0.01826014333411958	0.0683360826220449	0.00620596313467757	0.0	0.0	1.011618632582649	0.0	0.0	0.0	0.00021391385774069307	0.0	0.000495254982427956	0.0	0.00017807568442942864	0.0	0.0	0.0003862701088590865	0.0
Cycle_69	0.663878448127924	2.0968305397867483e-05	0.00026797054274477894	0.00540447146558821	0.018221896571675937	0.06867942019775002	0.00633046709575562	0.0	0.0	1.0116774701241718	0.0	0.0	0.0	0.00022952465329529868	0.0	0.0004939610119806209	0.0	0.0001852505637534307	0.0	0.0	0.00036370251133076704	0.0
Cycle_70	0.6567487428755279	2.1824144188932427e-05	0.00030641607881980664	0.005365295092463671	0.018581248329096148	0.06894818138450567	0.006276112373027806	0.0	0.0	1.0116753007184693	0.0	0.0	0.0	0.00024071287675774238	0.0	0.000494496587254143	0.0	0.00019220674189725305	0.0	0.0	0.00035466366245515786	0.0
Cycle_71	0.6578518999184495	2.179116618786827e-05	0.0002586033762897209	0.005311567891271508	0.018331419042235866	0.06692809417635028	0.005795447347991697	0.0	0.0	1.0113401984187655	0.0	0.0	0.0	2.8710688805866272e-05	0.00030840434161932736	0.000521159410514677	5.096577332413091e-05	9.422089126823478e-05	0.0	0.0	0.0005485549466897961	0.0
Cycle_72	0.30932575562386416	1.889335029942171e-05	0.0017325115500765901	0.008797727941300787	0.002299153727661102	0.021225861786713845	0.0029378274733599893	0.0	0.001078962917355133	1.0112972580514352	0.0	0.0	0.0	0.0	0.00028345236471499677	0.0	0.029856782011225057	0.0	0.0	0.0	0.000697481534873373	0.0
Cycle_73	0.05701549301183304	1.9027526549598156e-05	0.0027965038924119136	0.00836235698352298	2.3686993692950383e-05	0.010409851088376724	0.002488501870437142	0.0	0.0007146532919700693	1.0118220672565617	0.0	0.0	0.0	0.0	0.00010686015841621202	0.0	0.036629058858657984	0.0	0.0	0.0	0.0007301172595357279	0.0
Cycle_74	0.03411283516332075	1.840279579686833e-05	0.0029429189018690344	0.008238160228206183	5.044870980617574e-05	0.012662687944804515	0.0024082407142359138	0.0	0.001029234136340074	1.012024754756142	0.0	0.0	0.0	0.0	8.552191054728092e-05	0.0	0.03732644176642621	0.0	0.0	0.0	0.0007355073274583167	0.0
Cycle_75	0.035719942716699586	1.9359677788447586e-05	0.0029707995073392055	0.008431845767423512	0.00016146053870993158	0.015621692307164953	0.002463954354901725	0.0	0.0013942775635796126	1.0120908649583895	0.0	0.0	0.0	0.0	8.564974002295144e-05	0.0	0.03727451330040202	0.0	0.0	0.0	0.0007324464507945683	0.0
Cycle_76	0.037112161754985065	1.9557678337236113e-05	0.002991966868182852	0.008626087987301995	0.00034784491425753766	0.018459870352123642	0.0024141013684681654	0.0	0.0017304381097425986	1.012025313955826	0.0	0.0	0.0	0.0	8.528967583723613e-05	0.0	0.036936240881503636	0.0	0.0	0.0	0.0007372040349668388	0.0
Cycle_77	0.03831031206798848	1.9286694743528848e-05	0.002983037396073982	0.008812960943276995	0.00045056571540633193	0.021138947899017473	0.002369502756441944	9.518139458988851e-05	0.00212190248226637	1.0120834956769698	0.0	0.0	0.0	0.0	8.774900086265273e-05	0.0	0.036697874837962996	0.0	0.0	0.0	0.0007353399307207494	0.0
Cycle_78	0.03998848174574287	1.9058223008471677e-05	0.0029753853551498757	0.008938794671286571	0.00040320829528037183	0.022494144881285046	0.0023404330641084536	0.00020102601135695334	0.002392418112858705	1.0120880817162763	0.0	0.0	0.0	0.0	8.247644805066137e-05	0.0	0.03677935573472165	0.0	0.0	0.0	0.0007325589747849627	0.0
Cycle_79	0.04150424605146946	2.0565633196287236e-05	0.003792166501357509	0.009620649532924345	0.005781997276375441	0.040186152276494934	0.003500768357205865	0.0027524979538298858	0.0016520425259746218	1.0132332316510277	0.0	0.0	0.0	0.0	0.0	0.000194377590597426	0.029371156467239937	0.0	0.0	0.0	0.0007360014285287587	0.0
Cycle_80	0.40964253896707187	2.2619162972593738e-05	0.0021221864459281367	0.008742571865327809	0.01601032398125065	0.06565154840880989	0.005606944844966529	0.0008110822254551258	0.0005667201506548618	1.0125849231581072	0.0	0.0	0.0	0.0	0.0	0.0008211403418903868	0.01141983774670888	8.90955444250819e-05	0.0	0.0	0.0005663140117023455	0.0
Cycle_81	0.6346611957565177	2.075105997921719e-05	0.0013642311287346204	0.007817112077980177	0.01829251417835105	0.07120957172126677	0.007020659738404475	0.0001776265650243078	0.00013952025572510366	1.0123033554136989	0.0	0.0	0.0	5.803792967040349e-05	0.0	0.0009725460430028062	0.005032685592739864	0.00015506468842717237	0.0	0.0	0.0004560900119431574	0.0
Cycle_82	0.6967404631867612	2.3787017340382546e-05	0.0009402237004299378	0.007119444878038526	0.0188881224524465	0.07233264862081062	0.007503488364354306	0.0	1.9996553017488207e-05	1.0121230260561356	0.0	0.0	0.0	0.00015564225723060007	0.0	0.000903710759041245	0.0020297914876802174	0.00018773358021960623	0.0	0.0	0.00037029535270374005	0.0
Cycle_83	0.7147745043522846	2.3276006412660796e-05	0.0007019333751149372	0.006591107436069338	0.018861782981321202	0.07222926492496627	0.007695054928748737	0.0	0.0	1.0121215767320637	0.0	0.0	0.0	0.0002107648850728738	0.0	0.0007936801691697299	0.0008567123809543475	0.00019568121995639133	0.0	0.0	0.0003382816687270396	0.0
Cycle_84	0.7228238866298853	2.4512562684263524e-05	0.0005852901551422086	0.006273409473939687	0.01936220249335254	0.07203229399212037	0.007541706981681537	0.0	0.0	1.0121140427633797	0.0	0.0	0.0	0.00021230272121775158	0.0	0.0007318207895646034	0.0003859949005456625	0.00020021661013687982	0.0	0.0	0.0003500745226115689	0.0
Cycle_85	0.7256694659767821	2.4328102425675466e-05	0.0005348480139737762	0.0060747084376831986	0.01950925027794062	0.0712007931592758	0.007221605967686666	0.0	0.0	1.0121117758947549	0.0	0.0	0.0	0.0002355160323468234	0.0	0.0006928611728895605	0.00019968277864565903	0.0002059916855311545	0.0	0.0	0.00033758506644872944	0.0
Cycle_86	0.7249530580517026	2.1842044911797156e-05	0.0005279907063903286	0.005949238362553522	0.019629448342903706	0.07133272505106482	0.007254241165064427	0.0	0.0	1.0120687758391085	0.0	0.0	0.0	0.00023818769649218804	0.0	0.0006537254843587897	0.00010778930581555914	0.0002091595559962249	0.0	0.0	0.0003364395260905569	0.0
Cycle_87	0.7212224291976684	2.2151068205963218e-05	0.000506928232497661	0.005856782257754243	0.01936926114333375	0.07100737763670582	0.007040063352100127	0.0	0.0	1.012064380505171	0.0	0.0	0.0	0.00022886281973753136	0.0	0.0006295967242202214	5.7049202378561936e-05	0.0002043028085123099	0.0	0.0	0.000351097178468165	0.0
Cycle_88	0.7197567367165917	2.3747924385161045e-05	0.0004767042733520881	0.005827244075477474	0.01942680538612357	0.07047926619967487	0.006995981538855442	0.0	0.0	1.012124354186101	0.0	0.0	0.0	0.000237366397068716	0.0	0.0006156400457749909	2.1452916149072266e-05	0.00020846444681041468	0.0	0.0	0.0003477071512951756	0.0
Cycle_89	0.723520868685034	2.333829332035837e-05	0.00046299520961866537	0.00576038307673252	0.01929310243727571	0.07037746837582262	0.0068192157724680106	0.0	0.0	1.0120643473088937	0.0	0.0	0.0	0.00019806269638197662	0.0	0.0006080723170439614	0.0	0.00019380548449314172	0.0	0.0	0.0003932320797372088	0.0
Cycle_90	0.7048205064325672	2.1540873339728457e-05	0.00046789870332176244	0.00573809050930589	0.019353351021638623	0.07003069453250153	0.006795216647366242	0.0	0.0	1.0121373203121775	0.0	0.0	0.0	0.00021753861883325447	0.0	0.0005981261033495258	0.0	0.00020146271859647542	0.0	0.0	0.0003818777484973799	0.0
Cycle_91	0.7115203756942167	2.1509274132371385e-05	0.000551975603984636	0.005733006354433223	0.01941283373665296	0.07031083643718174	0.006819846076344692	0.0	0.0	1.0121146496612978	0.0	0.0	0.0	0.0002186385294037524	0.0	0.0005848822501602255	0.0	0.00020029039368570336	0.0	0.0	0.000387581917405422	0.0
Cycle_92	0.697755114030805	2.261264156883217e-05	0.000843617656836829	0.006414717309426985	0.014650365210520157	0.08894781115743886	0.00914199879002299	2.6862788509775487e-05	0.0002686454394166148	1.012016038268709	0.0	0.0	0.0	0.00017865549240489749	0.0	0.0005854047135018787	3.564409540725619e-05	0.00012431091778543696	0.0	0.0	0.0004236134444309256	0.0
Cycle_93	0.6934536383531495	2.2200913670763397e-05	0.000546607242822865	0.0064641475253027275	0.017974378407510934	0.07710639046258605	0.008589605795162542	0.0	0.00014424699013552704	1.0120802434516385	0.0	0.0	0.0	0.0002109916787034984	0.0	0.0005902538276965928	9.876017729237674e-06	0.00017657176329177393	0.0	0.0	0.0003966568144806393	0.0
Cycle_94	0.71919768727849	2.350892211988695e-05	0.0004627153474448902	0.006073368025689076	0.01887016654314438	0.0737427650051323	0.00793079975689184	0.0	5.7970694383628455e-06	1.0121195758163228	0.0	0.0	0.0	0.00023277125248078703	0.0	0.0005871619912019482	0.0	0.00019074240805529784	0.0	0.0	0.0003925499417320658	0.0
Cycle_95	0.7338139826356285	2.3019143779518013e-05	0.00042909247140379404	0.005794573753043112	0.019455789603870854	0.07191280328425166	0.0074732197340942885	0.0	0.0	1.012045329831175	0.0	0.0	0.0	0.0002493258644403161	0.0	0.0005679868329912629	0.0	0.00019832558113295934	0.0	0.0	0.00037386673650346134	0.0
Cycle_96	0.7341946935724063	2.4002124961069234e-05	0.00042376714015224763	0.005662312800851247	0.019228548363939734	0.071120872783731	0.007297749628450517	0.0	0.0	1.0120766963567343	0.0	0.0	0.0	0.00024398281009874488	0.0	0.0005684125013450595	0.0	0.00019367515360526293	0.0	0.0	0.0003706629948804428	0.0
Cycle_97	0.7310584368518106	2.421105594730983e-05	0.0004378163305039572	0.00560212732131698	0.019148623339614684	0.07069507220117013	0.007168861192182728	0.0	0.0	1.0121381635285227	0.0	0.0	0.0	0.0002412297981657027	0.0	0.0005708089796295126	0.0	0.00019722089251463507	0.0	0.0	0.00038268780869533427	0.0
Cycle_98	0.7361961438256553	2.283960890215697e-05	0.00038337818486960885	0.005555758197193937	0.018530907003502618	0.07105553207597326	0.007512555699655979	0.0	0.0	1.012117529874388	0.0	0.0	0.0	0.00022696779891150895	0.0	0.0005495510460619945	0.0	0.00018498785106682754	0.0	0.0	0.0003987999609324213	0.0
Cycle_99	0.7301642918783475	2.297971312319267e-05	0.00034817096160213903	0.005433530202219293	0.018706755979842622	0.07055459881776051	0.007333102606371205	0.0	0.0	1.0121646267915494	0.0	0.0	0.0	0.00022227202041673062	0.0	0.0005503363863730215	0.0	0.0001827889763678389	0.0	0.0	0.00039682226885158327	0.0
Cycle_100	0.731979112678631	2.4255252091458105e-05	0.00035197840422430537	0.005371689741393106	0.018908203068650636	0.07110749513286486	0.007310309348445655	0.0	0.0	1.0121317313980849	0.0	0.0	0.0	0.0002331696546862357	0.0	0.0005396743336469024	0.0	0.00018639917384272924	0.0	0.0	0.0003958992893369738	0.0
Cycle_101	0.7236863166903375	2.2177805224935952e-05	0.00037299495467039187	0.005317559585599018	0.018634852513741588	0.07019247613665629	0.00710577261178456	0.0	0.0	1.0122646566471065	0.0	0.0	0.0	0.00020320156062224301	0.0	0.0005458837597332848	0.0	0.00017940230957560774	0.0	0.0	0.0004250618667623483	0.0
Cycle_102	0.7225399124245931	2.317552203930464e-05	0.0003426336753141179	0.005266138823169356	0.018943112438603867	0.07081824726586476	0.006896134193549044	0.0	0.0	1.01212400231639	0.0	0.0	0.0	0.00021615380342197144	0.0	0.0005439190822090326	0.0	0.00017850380634499834	0.0	0.0	0.00042421617690766126	0.0
Cycle_103	0.7231982607382283	2.4782077884462003e-05	0.00036000368772914264	0.005296295625075431	0.018547382333130382	0.0703357495758883	0.00702356202348764	0.0	0.0	1.0121649301879423	0.0	0.0	0.0	0.0001943338703047539	0.0	0.0005316394397217815	0.0	0.0001694907868175673	0.0	0.0	0.00044037843508250936	0.0
Cycle_104	0.7185664488086398	2.263373443164656e-05	0.00037990536711462737	0.0052733782275482775	0.018938963780432905	0.0702954786835325	0.006771213418382808	0.0	0.0	1.0122252912218968	0.0	0.0	0.0	0.00020550085299294714	0.0	0.0005402830598958212	0.0	0.00017677214210209182	0.0	0.0	0.0004241926140245637	0.0
Cycle_105	0.7150203149641399	2.327198166540527e-05	0.0003573530738729096	0.005245123753438687	0.018635469313262924	0.07049493850737795	0.0068493652403167	0.0	0.0	1.0121925433345658	0.0	0.0	0.0	0.0001967280172296665	0.0	0.0005345730989722008	0.0	0.00017464069922496837	0.0	0.0	0.00044221763145124265	0.0
Cycle_106	0.7221603080752431	2.2545426586816986e-05	0.0003483699649319424	0.005232984890698199	0.018662597808131644	0.06976538517289312	0.006727342071361734	0.0	0.0	1.012218112951747	0.0	0.0	0.0	0.00019932025246283277	0.0	0.0005339917687969939	0.0	0.00017819827017082656	0.0	0.0	0.00043630139669521774	0.0
Cycle_107	0.7144970876908417	2.2739059183951712e-05	0.00036829063761758873	0.00521150053373453	0.01927937484174779	0.06983045369134032	0.006397485130922371	0.0	0.0	1.0122179913941363	0.0	0.0	0.0	0.00019521005951144094	0.0	0.0005403639024374618	0.0	0.00018054277193543374	0.0	0.0	0.0004395816846267752	0.0
Cycle_108	0.7180826519619703	2.2912821146671208e-05	0.00036237870074963833	0.005192446674546164	0.01901993627524925	0.06944957102143241	0.006309947141333663	0.0	0.0	1.0122068917464346	0.0	0.0	0.0	0.00016889669214788366	0.0	0.0005314322705156536	0.0	0.00016295856408729483	0.0	0.0	0.0004761846389866587	0.0
Cycle_109	0.7048749301578657	2.2104514046380336e-05	0.00036935588912826985	0.005160817976040727	0.01917754705599392	0.0692598955900102	0.0061626129797136145	0.0	0.0	1.0122444552537322	0.0	0.0	0.0	0.00017084260590909985	0.0	0.0005404853421403089	0.0	0.0001663115269536982	0.0	0.0	0.0004764833921420925	0.0
Cycle_110	0.7147982089029584	2.344251914432739e-05	0.0003409993124434093	0.005161863664098744	0.019022753576922395	0.06808663035395898	0.005951760242428473	0.0	0.0	1.0122470456035697	0.0	0.0	0.0	0.00017720042606955862	0.0	0.000535368663642748	0.0	0.00017927817274707776	0.0	0.0	0.00046453820198282604	0.0
Cycle_111	0.7168684096468817	2.2467827177660975e-05	0.0004295259255666666	0.005192021693794692	0.01983154651644916	0.06929374770524023	0.005710653339164982	0.0	0.0	1.012251868641967	0.0	0.0	0.0	0.0001597084158882553	0.0	0.0005420756453305012	0.0	0.00017897412432098833	0.0	0.0	0.0004832899439087131	0.0
Cycle_112	0.7201610595287139	2.3635165909334597e-05	0.00043649708686137583	0.005311587982542493	0.019913254972341858	0.0687373968317801	0.005721707505632058	0.0	0.0	1.0122949398155692	0.0	0.0	0.0	0.00017891640178479895	0.0	0.000557475891187504	0.0	0.00018684462112851088	0.0	0.0	0.0004676641009813488	0.0
Cycle_113	0.7216396468256369	2.2441675226866605e-05	0.00045548647275912824	0.00537266375595471	0.020282195928613144	0.06861593589910689	0.005525675851893331	0.0	0.0	1.012250757440988	0.0	0.0	0.0	0.0001688129486798288	0.0	0.0005570704510782672	0.0	0.00018258344987988226	0.0	0.0	0.00047830270916836607	0.0
Cycle_114	0.7190140172454021	2.2684036545231063e-05	0.0005199083919926874	0.005381908400515996	0.019792190154790983	0.06903655942495611	0.005608690778273556	0.0	0.0	1.0123793343559244	0.0	0.0	0.0	0.00014348138417552304	0.0	0.0005595176850353888	0.0	0.00017569515437459087	0.0	0.0	0.0005029468470583642	0.0
Cycle_115	0.7303473531279236	2.389838168236004e-05	0.00045594322304524806	0.0055072487530229055	0.02095528351010408	0.06896014509972878	0.005323571705261722	0.0	0.0	1.012204722976746	0.0	0.0	0.0	0.00020067507354757334	0.0	0.0005568513176045673	0.0	0.000190917747890457	0.0	0.0	0.00046903910873771044	0.0
Cycle_116	0.7336710910872611	2.318542468418301e-05	0.0005268143961036984	0.005328125941839419	0.020720478128282056	0.059521132909479024	0.005040744797609861	0.0	0.00012466488388915864	1.0120249422774275	0.0	0.0	0.0	5.551701483807058e-05	0.0	0.000639155919920354	0.0	0.00017024436353831732	0.0	0.0	0.0005717937702776818	0.0
Cycle_117	0.6433362694638372	2.3728255835626735e-05	0.0010815603281253195	0.006812352372682135	0.019377281112381368	0.07327145681079801	0.0064616338322433416	0.0	0.000164698671840646	1.012460986032133	0.0	0.0	0.0	9.419650881200787e-05	0.0	0.0007408942975542273	0.0006468972262071852	0.00015987739104426262	0.0	0.0	0.0005298595759796248	0.0
Cycle_118	0.721874885515038	2.393367147564079e-05	0.000643781447533324	0.005942016016496793	0.02082917636500313	0.07158130128115645	0.0061840182101308904	0.0	5.009361623413942e-06	1.0123999683286902	0.0	0.0	0.0	0.00018249880345090426	0.0	0.0006435561018689793	0.00015226666530258456	0.00020120890005298494	0.0	0.0	0.00046712800373094316	0.0
Cycle_119	0.7468011068431567	2.3400531181640803e-05	0.0005818940617126361	0.005620554475857056	0.021398470663198197	0.06992706391264719	0.005737823539686052	0.0	0.0	1.0123562506473198	0.0	0.0	0.0	0.00019323010684517853	0.0	0.0006179404106841979	2.7570363244596093e-05	0.0002050192307452929	0.0	0.0	0.00046622437381830514	0.0
Cycle_120	0.7458716741516754	2.249308851673469e-05	0.0007268724359321358	0.00557681427484993	0.021560023691621997	0.0612524983534273	0.005288611790073968	0.0	0.0	1.0122990400212548	0.0	0.0	0.0	0.0001839847978876259	0.0	0.0006867352831449638	0.0	0.0002207761333866959	0.0	0.0	0.0004688158896836774	0.0
Cycle_121	0.7458104673718339	2.4134424439157956e-05	0.0008838842672187369	0.005648939534998462	0.021639134047984954	0.06112511903205204	0.005175358299672139	0.0	0.0	1.0124109055327568	0.0	0.0	0.0	0.00016445575457140786	0.0	0.0006790349924746201	0.0	0.00021857159070070285	0.0	0.0	0.00047503999773072314	0.0
Cycle_122	0.7416101732201069	2.3390153391389303e-05	0.0007260278727815843	0.005719187309144716	0.021814097093723075	0.060916332988177335	0.005035148483843404	0.0	0.0	1.012290507732345	0.0	0.0	0.0	0.0001539536528333999	0.0	0.0006650481956274292	0.0	0.00022062307303947432	0.0	0.0	0.0005033664219230922	0.0
Cycle_123	0.7294008363395809	2.3856959071048517e-05	0.0008394323817817203	0.0056629289464147055	0.021984642689209025	0.06008130196872188	0.0047585380197873025	0.0	9.492650663041128e-05	1.0118742457206829	0.0	0.0	0.0	0.0	6.342918747459305e-05	0.0006481730797096038	0.00015483064231785565	0.00011569546463066055	0.0	0.0	0.0006761772245098584	0.0
Cycle_124	0.43992376383611775	2.2430038460293486e-05	0.0030378624986465226	0.009081120561608714	0.005606575276020422	0.05713397428886128	0.0039020999455334476	0.00021347816157396842	0.00030912122741532896	1.0124813298748552	0.0	0.0	0.0	0.0	0.0003275324061284255	0.0005321541016530807	0.016923003105297384	0.0	0.0	0.0	0.0006602092293769186	0.0
Cycle_125	0.2722336969533186	2.142661340429281e-05	0.0036072548256508396	0.010304967046653733	0.0026440645362899528	0.07102380168177415	0.0027702479921448944	0.0012506205098790119	0.00024652539322679215	1.0124203783435153	0.0	0.0	0.0	0.0	0.0003853836189245657	0.00017870068915092017	0.021303929093246875	0.0	0.0	0.0	0.0007223296519305864	0.0
Cycle_126	0.22462218878758025	2.238356114117558e-05	0.0038000541730633607	0.010916798505983226	0.0021607690911671705	0.07316627159488953	0.002412005394066234	0.0016517970443258004	0.00026562698544223214	1.0126453993084357	0.0	0.0	0.0	0.0	0.0003916105313228576	0.00022351868584859655	0.022884812227689937	0.0	0.0	0.0	0.000720035267871062	0.0
Cycle_127	0.22926688077653215	2.23336021788036e-05	0.00392923077034159	0.011481564218719357	0.0020838610525092567	0.07624876060546798	0.0022073447832786637	0.0017316074983983842	0.000308064566696326	1.0126513153733545	0.0	0.0	0.0	0.0	0.00041991479891420385	0.00026671557051862637	0.022928085405886704	0.0	0.0	0.0	0.0007110300508914219	0.0
Cycle_128	0.23371233746611497	2.1883807430513397e-05	0.00397607172266996	0.01193591422328715	0.0020060197079482174	0.07722792491488543	0.0020241997615956285	0.0017844611173052124	0.00038963144507292067	1.0126378721095641	0.0	0.0	0.0	0.0	0.0004380438503654519	0.00026763829157663	0.023372700125072757	0.0	0.0	0.0	0.0007130474163403686	0.0
Cycle_129	0.23997946580632545	2.235987417536145e-05	0.004076819986363915	0.01214292458977633	0.002135664041630528	0.0798009784194238	0.001973265149594924	0.001842101585201871	0.0003668953309636147	1.0125744440438171	0.0	0.0	0.0	0.0	0.0004302285205599274	0.0002774317927244172	0.023010012009766986	0.0	0.0	0.0	0.0007109399899638538	0.0
Cycle_130	0.2496464658062319	2.1700676378159145e-05	0.004383219437344232	0.012199041401253235	0.0024511585464001458	0.08055394351165135	0.0019038888634749878	0.0019051921522090353	0.0004833667233989676	1.0126296032118935	0.0	0.0	0.0	0.0	0.00036133179775628584	0.00041799256985285566	0.022407860377552862	0.0	0.0	0.0	0.0006830898918777927	0.0
Cycle_131	0.2630076581726852	2.2352420618951787e-05	0.004453309867679407	0.012199397175371178	0.0025255667475487355	0.08272166585830179	0.00178203344279056	0.001911880543649454	0.00032611482976891055	1.012580112988003	0.0	0.0	0.0	0.0	0.00039057088773349833	0.0004670781209757307	0.02217267673507955	0.0	0.0	0.0	0.0006701435648239774	0.0
Cycle_132	0.2573382302561593	2.281617521282444e-05	0.003987504318424725	0.012331925839424702	0.0018858480600967536	0.06789779064190865	0.0014584910082374376	0.0015566959616181279	0.0012365181778760288	1.0121458994297503	0.0	0.0	0.0	0.0	0.0003542623986324518	0.00017668823818631183	0.025218986008792587	0.0	0.0	0.0	0.0007484999894743017	0.0
Cycle_133	0.1406458676134688	2.122602083672924e-05	0.003407602503957349	0.011622046404079194	0.0007833067925274073	0.03931248368020519	0.0015747880893710428	0.0014261134776125998	0.0018533674548298644	1.012404589518151	0.0	0.0	0.0	0.0	0.0002758234223612312	0.0	0.03163168476923229	0.0	0.0	0.0	0.0008121555788916941	0.0
Cycle_134	0.08575311433549876	1.6687362998339545e-05	0.0029214611791864324	0.010195871342283473	0.0010690964124981854	0.03593768466634089	0.0012543381824906207	0.0019464700618054705	0.0022691250954280638	1.0125436082701336	0.0	0.0	0.0	0.0	2.2806591956166436e-05	0.0007987890445272376	0.018158804499169907	0.0	0.0	0.0	0.0006315355264067108	0.0
Cycle_135	0.07458199839190606	1.0012462182363777e-05	0.0016246227699387701	0.009120279807400704	0.0018592170729268389	0.04070030417448414	0.0004779004023701638	0.001147029615980485	0.0029006883094477576	1.0124335182909876	0.0	0.0	0.0	0.0	0.0	0.0011213792209694988	0.00795452851824365	0.0	0.0	0.0	0.0004856118598949634	0.0
Cycle_136	0.06673057070758406	9.025956716121003e-06	0.0010509490304254374	0.008287693710147911	0.0019859060619002496	0.04009302260162384	0.00023092631166696636	0.0007758134808480483	0.0031221457524128913	1.0124407389421701	0.0	0.0	0.0	0.0	0.0	0.0010952993723370955	0.004481503038448931	0.0	0.0	0.0	0.0004566070806717051	0.0
Cycle_137	0.05878248882956681	7.043195053649428e-06	0.0007832370673976136	0.0076900431911667505	0.0019087139253153554	0.03729205853480795	0.0001437293217507082	0.0005557015512950503	0.0031284979251162697	1.0124035554524218	0.0	0.0	0.0	0.0	0.0	0.0010200058531258896	0.002850182282929612	0.0	0.0	0.0	0.0004639310383847292	0.0
Cycle_138	0.05306991665307861	7.3030590946178255e-06	0.0006143116805210199	0.007228649521535452	0.0018543942233819684	0.03632844051824565	9.877409036956502e-05	0.0004410349031993028	0.0031894314039640197	1.0123719733550118	0.0	0.0	0.0	0.0	0.0	0.0009520353196369396	0.0020987164762953274	0.0	0.0	0.0	0.00046115147768802794	0.0
Cycle_139	0.04855011500736438	6.586301040445876e-06	0.0005144938418246078	0.006910074418835745	0.0017954156392867228	0.03572982897171426	8.561574397957382e-05	0.0003762392537364171	0.0033001193516815444	1.0123618591550192	0.0	0.0	0.0	0.0	0.0	0.0009051221190760061	0.0016890709265993673	0.0	0.0	0.0	0.0004748022736585621	0.0
Cycle_140	0.04631263974706209	7.125598728581224e-06	0.0004556319890623231	0.006662980666367656	0.001724003126767288	0.034818390346383746	7.980235959738997e-05	0.0003245735678237979	0.003317421241201013	1.0123226282518205	0.0	0.0	0.0	0.0	0.0	0.0008652475879790816	0.001455273042540779	0.0	0.0	0.0	0.0004680763033921367	0.0
Cycle_141	0.044111797468884086	7.759222822240671e-06	0.00039388202945263057	0.006558776547560715	0.0016688366853226393	0.03433071806116819	4.2982874883683e-05	0.00030957993840823814	0.003377949930132763	1.0122914432806325	0.0	0.0	0.0	0.0	0.0	0.0008291440316788678	0.0012946877547958108	0.0	0.0	0.0	0.00048109306567647027	0.0
Cycle_142	0.04159063194173734	6.2897629597258135e-06	0.0003498365771240433	0.006286753404345839	0.0015933140499923633	0.0333217190583552	4.646877731716514e-05	0.00025015707203176877	0.003389468384863535	1.012285975795553	0.0	0.0	0.0	0.0	0.0	0.0008084988775235425	0.001154848341907685	0.0	0.0	0.0	0.0004898807900308281	0.0
Cycle_143	0.03916590231047691	6.7168999594905375e-06	0.00032670016973789017	0.006125711441318617	0.0015095720656868369	0.03197611770103959	3.140830904717407e-05	0.00021558920943602237	0.0033084713004138335	1.0122500966642	0.0	0.0	0.0	0.0	0.0	0.0007757204572391151	0.001065289539885588	0.0	0.0	0.0	0.0004941214145860216	0.0
Cycle_144	0.03503467537072782	6.507824358835846e-06	0.00028548889523607015	0.005884263803453554	0.001410829125196342	0.030007260219751794	0.0	0.00014844203001547607	0.0032111885785257054	1.0122943852424466	0.0	0.0	0.0	0.0	0.0	0.00077046479062455	0.0009426200788442205	0.0	0.0	0.0	0.0004783187408650116	0.0
Cycle_145	0.032974914982202556	6.145978494749431e-06	0.00025565467828215404	0.005692557000207794	0.0013366882555611778	0.028801282246551166	0.0	8.253414356551503e-05	0.0031026495199384394	1.012269434575012	0.0	0.0	0.0	0.0	0.0	0.0007585935194026632	0.0008641545633265577	0.0	0.0	0.0	0.00047803501338646666	0.0
Cycle_146	0.030589509433002045	6.2357492863951186e-06	0.00023990042352483462	0.005550045157175828	0.0013224494833511788	0.028650902955950023	0.0	8.839158195616096e-05	0.0031381764556563997	1.012199701173546	0.0	0.0	0.0	0.0	0.0	0.0007390837924197398	0.000812944783615715	0.0	0.0	0.0	0.0004847727968790698	0.0
Cycle_147	0.028298503051531074	5.958174580765585e-06	0.00020301325397600322	0.005422794654524154	0.0012228976936065822	0.02755314268783865	0.0	2.849303803883076e-05	0.0031288882143435705	1.0122217870822656	0.0	0.0	0.0	0.0	0.0	0.0007300929863367013	0.0007469266647830609	0.0	0.0	0.0	0.000478850909546793	0.0
Cycle_148	0.02727072933909402	5.389581068266301e-06	0.00019024238328723114	0.005290093285187377	0.0011693500175846082	0.02679743835595582	0.0	0.0	0.0030801683626839717	1.0122103592628686	0.0	0.0	0.0	0.0	0.0	0.0007149487563234502	0.0006957779461879433	0.0	0.0	0.0	0.0004747439699667346	0.0
Cycle_149	0.025767612851999362	5.878130923899394e-06	0.00016645756013319472	0.005148227787166953	0.0010678800303323371	0.025585983339235	0.0	0.0	0.003002555445780116	1.01221150097203	0.0	0.0	0.0	0.0	0.0	0.0006883006816516209	0.0006349866804431616	0.0	0.0	0.0	0.0004751472855655318	0.0
Cycle_150	0.024233009575103524	5.289216748073167e-06	0.0001705199142617535	0.005037931797070896	0.0010020840140142818	0.02424764833894134	0.0	0.0	0.0028926722174663776	1.012190686771011	0.0	0.0	0.0	0.0	0.0	0.0006825645769361281	0.0005713326739344193	0.0	0.0	0.0	0.000472210071807165	0.0
Cycle_151	0.02265066055413517	5.3807043249669805e-06	0.00015204821675649888	0.0049109995274035975	0.0009641757595307353	0.023913796021899813	0.0	0.0	0.0028801470974886404	1.012116026792193	0.0	0.0	0.0	0.0	0.0	0.0006599786133399119	0.0005294548269691689	0.0	0.0	0.0	0.00047227306037638027	0.0
Cycle_152	0.0211087720888373	5.086344452137235e-06	0.00013121712973962574	0.004796385178061355	0.0008929127222458564	0.023247586494039987	0.0	0.0	0.002869004521220389	1.0121295060429962	0.0	0.0	0.0	0.0	0.0	0.0006450892239009489	0.00048631823120784146	0.0	0.0	0.0	0.00046648478889121735	0.0
Cycle_153	0.020518547894511057	5.451367641849539e-06	0.00012612068614826176	0.004730203523613315	0.000860417779705804	0.02277898172241941	0.0	0.0	0.0028156915295028035	1.0120659553511282	0.0	0.0	0.0	0.0	0.0	0.0006350575910212975	0.0004562934939742108	0.0	0.0	0.0	0.00046355445999633483	0.0
Cycle_154	0.01924693136636123	4.8077062884892925e-06	0.0001127062771760193	0.004636659650503444	0.0008019856444164759	0.022340373612190267	0.0	0.0	0.0028160001198242407	1.012122578715917	0.0	0.0	0.0	0.0	0.0	0.0006227605320823651	0.0004328999361038693	0.0	0.0	0.0	0.000455055927186339	0.0
Cycle_155	0.01818771342282642	4.839744777724599e-06	0.00010244288957436042	0.004547739480606925	0.0007568623164267591	0.02153212212408514	0.0	0.0	0.002764145052061442	1.012096911074356	0.0	0.0	0.0	0.0	0.0	0.0006073290733533767	0.000391448423416629	0.0	0.0	0.0	0.0004571484531541299	0.0
Cycle_156	0.01717273444403968	4.8287043058622904e-06	9.419157851058203e-05	0.004442193169654911	0.0007064530094283888	0.020840918020426626	0.0	0.0	0.002710536481819826	1.0120137650882588	0.0	0.0	0.0	0.0	0.0	0.0005967824425315283	0.0003571523259466161	0.0	0.0	0.0	0.00045741381401582495	0.0
Cycle_157	0.0163149128122712	5.494757042398806e-06	9.229538585069528e-05	0.004369108639985998	0.0006609285357021234	0.020200529424763154	0.0	0.0	0.0026574625447363187	1.0121325594079082	0.0	0.0	0.0	0.0	0.0	0.0005902054043799745	0.0003312526414436712	0.0	0.0	0.0	0.0004508223016853017	0.0
Cycle_158	0.015206806599966758	4.955588756342245e-06	6.425365554948119e-05	0.004252397196049162	0.0006302089639400571	0.019860878654043748	0.0	0.0	0.002682762620006213	1.011884822592382	0.0	0.0	0.0	0.0	0.0	0.0005652288070644075	0.000305017580028313	0.0	0.0	0.0	0.00046810154597255017	0.0
Cycle_159	0.015151265096016093	5.815162196057039e-06	6.820647584535026e-05	0.004223706653188257	0.0005939970014152529	0.0194754801929753	0.0	0.0	0.0026576747165270452	1.0117965691116033	0.0	0.0	0.0	0.0	0.0	0.000554763563966639	0.00028775735959248326	0.0	0.0	0.0	0.00046601772643633003	0.0
Cycle_160	0.01375176930214294	5.319648363584766e-06	5.7318094590815374e-05	0.004124791763753707	0.0005518018236983441	0.018566093461982815	0.0	0.0	0.0025596805552710452	1.011719493577186	0.0	0.0	0.0	0.0	0.0	0.0005348461827929531	0.0002611387493342185	0.0	0.0	0.0	0.0004660886831268501	0.0
Cycle_161	0.012830290443807799	5.442039289328985e-06	5.504746234283472e-05	0.004019172626294283	0.000503437192447215	0.017764202058612615	0.0	0.0	0.002462612221794474	1.0116996354467962	0.0	0.0	0.0	0.0	0.0	0.0005291456858451822	0.00023260531073137137	0.0	0.0	0.0	0.00046520539875416006	0.0
Cycle_162	0.012022919829150715	4.972735565187487e-06	5.378235432114621e-05	0.0039255908409758285	0.00046761757392407773	0.01681390822418989	0.0	0.0	0.0023652715734058262	1.0116499461636874	0.0	0.0	0.0	0.0	0.0	0.0005172383836774293	0.0002086488914431147	0.0	0.0	0.0	0.0004671064096288671	0.0
Cycle_163	0.011511357259634574	4.840084964866727e-06	2.6689306677592234e-05	0.003864009629240328	0.000448397997713185	0.016859325035337186	0.0	0.0	0.0024352336355608203	1.0116427570794726	0.0	0.0	0.0	0.0	0.0	0.0005063706106981546	0.00019141329828833482	0.0	0.0	0.0	0.0004597459120997803	0.0
Cycle_164	0.011079337027472047	4.483575716654042e-06	3.437919091339365e-05	0.003815080597577344	0.0004213723418855685	0.016400145744166626	0.0	0.0	0.002347834318388354	1.0115838954224519	0.0	0.0	0.0	0.0	0.0	0.000498309138882734	0.00017876342751522236	0.0	0.0	0.0	0.00046902895437768205	0.0
Cycle_165	0.01031427552366913	4.513706218587559e-06	2.3750255299835124e-05	0.003730814831787624	0.0003802853526153798	0.01561125444542894	0.0	0.0	0.0022788985789513154	1.0115730850819602	0.0	0.0	0.0	0.0	0.0	0.0004911763551128353	0.00015483515366983915	0.0	0.0	0.0	0.0004649326182894401	0.0
Cycle_166	0.00977280025493791	4.661670523005163e-06	1.854463600665933e-05	0.003680886844982402	0.00036779474187547225	0.015594693242239367	0.0	0.0	0.002314892012162028	1.0115535185792834	0.0	0.0	0.0	0.0	0.0	0.0004802381917078457	0.00013959546277887537	0.0	0.0	0.0	0.00046279177596916386	0.0
Cycle_167	0.008801793635751363	4.814122247598991e-06	8.209018121114759e-06	0.003608372004369785	0.0003480717323551052	0.014995934582330693	0.0	0.0	0.0022170502182286356	1.0115313250916125	0.0	0.0	0.0	0.0	0.0	0.00047141273308603577	0.00012188903183950813	0.0	0.0	0.0	0.00045575381187862226	0.0
Cycle_168	0.008826493901210044	4.344978548882425e-06	2.8597866766907982e-06	0.003573118419390433	0.0003332040806647683	0.015209898308653701	0.0	0.0	0.002277058022499299	1.0115530887452326	0.0	0.0	0.0	0.0	0.0	0.00047043570667088246	0.00011433147838872424	0.0	0.0	0.0	0.0004614052970227995	0.0
Cycle_169	0.008325621223508156	4.142168916624451e-06	3.719889740764955e-06	0.003536906010097721	0.0003097501205159205	0.014485051525924119	0.0	0.0	0.0021664066598191143	1.0115242903441024	0.0	0.0	0.0	0.0	0.0	0.00046478948677664065	0.0001033823928017688	0.0	0.0	0.0	0.0004547204770204	0.0
Cycle_170	0.007723339483717793	4.523022383137482e-06	0.0	0.003480868883202608	0.0002862687683470366	0.01432771704083582	0.0	0.0	0.0021749980819943202	1.0115126126917646	0.0	0.0	0.0	0.0	0.0	0.00045915569191921413	9.085616430070161e-05	0.0	0.0	0.0	0.0004560712728851493	0.0
Cycle_171	0.007674486823879649	5.078459840663751e-06	0.0	0.0034401091276672993	0.00027677487605415855	0.014281886524249115	0.0	0.0	0.002193032941142717	1.0114753054172538	0.0	0.0	0.0	0.0	0.0	0.0004495830814098753	8.303281016083211e-05	0.0	0.0	0.0	0.00045476937150519623	0.0
Cycle_172	0.007332850740736237	4.522220471151828e-06	0.0	0.0034095308043616875	0.00026310544659594997	0.014258478211277445	0.0	0.0	0.002222016857045468	1.0115189247586462	0.0	0.0	0.0	0.0	0.0	0.00044882212877370284	6.941222814768897e-05	0.0	0.0	0.0	0.0004560957739513248	0.0
Cycle_173	0.007236106445867016	4.126818166570484e-06	0.0	0.0033939438973557695	0.00024423242252789206	0.013886252937004009	0.0	0.0	0.0021638841056253718	1.011503723581213	0.0	0.0	0.0	0.0	0.0	0.0004443814650357962	6.309240040800929e-05	0.0	0.0	0.0	0.0004575016484718129	0.0
Cycle_174	0.0065230823215730325	4.5158045411743705e-06	0.0	0.00334684005854526	0.00023173632880836497	0.013375034080457593	0.0	0.0	0.0020917082447137005	1.0114420655007654	0.0	0.0	0.0	0.0	0.0	0.0004329446629759283	5.580324262059441e-05	0.0	0.0	0.0	0.0004515121269271588	0.0
Cycle_175	0.006134111207206027	4.530331439037171e-06	0.0	0.0033082605955779346	0.0002112022620594648	0.013172468131816302	0.0	0.0	0.0020751147679965434	1.011512670743551	0.0	0.0	0.0	0.0	0.0	0.0004311450648525427	4.457174160318983e-05	0.0	0.0	0.0	0.00045448937583396365	0.0
Cycle_176	0.005913005271431858	4.190831037531827e-06	0.0	0.0032467726785439448	0.00018812521820707828	0.012379343175300334	0.0	0.0	0.0019700841423336583	1.0114726204932345	0.0	0.0	0.0	0.0	0.0	0.0004225423719678684	3.409786926349169e-05	0.0	0.0	0.0	0.0004505670609310753	0.0
Cycle_177	0.005474336801871259	4.197980387664273e-06	0.0	0.003206227853696545	0.00017444113239393312	0.012237206020742504	0.0	0.0	0.0019907017793003062	1.0114896683972345	0.0	0.0	0.0	0.0	0.0	0.00042242334315834994	2.4247247002114454e-05	0.0	0.0	0.0	0.0004431845019945583	0.0
Cycle_178	0.005602437709195158	5.621202704282777e-06	0.0	0.0031848369189874767	0.00016239573519373607	0.012206124267946535	0.0	0.0	0.0019778995814443436	1.0114218815736675	0.0	0.0	0.0	0.0	0.0	0.0004180304596899842	2.0136105698961324e-05	0.0	0.0	0.0	0.0004440028892785832	0.0
Cycle_179	0.005345278430735131	4.473284831079394e-06	0.0	0.003142513154679964	0.00015632696687041314	0.0121833525714591	0.0	0.0	0.0019539574395661943	1.0113653209160935	0.0	0.0	0.0	0.0	0.0	0.00040830144952654535	2.0064303117078742e-05	0.0	0.0	0.0	0.0004466853025315782	0.0
Cycle_180	0.004899679889212112	4.761980046899759e-06	0.0	0.003121979903517954	0.00012591562780663333	0.011080996952103234	0.0	0.0	0.0018275530339421583	1.011432140791779	0.0	0.0	0.0	0.0	0.0	0.00040160701849225716	6.347877230057089e-06	0.0	0.0	0.0	0.0004450213176126857	0.0
