Molecule	Hydrogen	Deuterium	Methane	Water	Acetylene	Carbon monoxide	Ethylene	Ethane	Oxygen	Argon	Cyclopropene	Allene	Propyne	Propene	Carbon dioxide	Propane	Ethanol	1,3-Butadiyne	1-Buten-3-yne	1,3-Butadiene	1-Butyne	2-Butyne
Cycle_1	0.0003544085053782994	3.045319511641603e-06	0.0	0.003228299199685134	0.0	0.020253627117542687	0.0	0.0007385655849467476	0.003748884105974322	1.0119217070541582	0.0	0.0	0.0	0.0	0.0	0.00011592748396712582	0.0	0.0	0.0	0.0	0.00023627927339741258	0.0
Cycle_2	0.00035663222097489676	2.8643579364583616e-06	0.0	0.003331190992402415	0.0	0.020528791868472427	0.0	0.0007570730868904922	0.0038255380466504047	1.011942089252384	0.0	0.0	0.0	0.0	0.0	0.00011345063463852564	0.0	0.0	0.0	0.0	0.0002352134206398217	0.0
Cycle_3	0.0003491434121505618	2.653463245028897e-06	0.0	0.003422297349862923	0.0	0.02096633073535188	0.0	0.0008028048615640442	0.003919239606060811	1.0118041275983973	0.0	0.0	0.0	0.0	0.0	9.61000652431879e-05	0.0	0.0	0.0	0.0	0.0002432834501578861	0.0
Cycle_4	0.00034870158029881235	3.061675238471422e-06	0.0	0.003515276831681506	0.0	0.019154721099458615	0.0	0.000662266221771683	0.0035646896407311715	1.0118042139371028	0.0	0.0	0.0	0.0	0.0	0.00013194285300509887	0.0	0.0	0.0	0.0	0.00025304153901715114	0.0
Cycle_5	0.0003454723209971589	2.908560730105665e-06	0.0	0.003485168380624445	0.0	0.017851368726177187	0.0	0.0005492884291571467	0.0033152165040646114	1.0117884993602289	0.0	0.0	0.0	0.0	0.0	0.0001615065499134916	0.0	0.0	0.0	0.0	0.000270586207513442	0.0
Cycle_6	0.0003474247557265099	3.292766205816738e-06	0.0	0.0034346403373669153	0.0	0.01713653428284588	0.0	0.0004949061029083793	0.003190358723422604	1.011753098793513	0.0	0.0	0.0	0.0	0.0	0.00017829385367052142	0.0	0.0	0.0	0.0	0.00027013914842661494	0.0
Cycle_7	0.01524505797584733	3.8046764566715136e-06	0.0	0.00782136659629722	0.006074584415785347	0.07908053381003936	0.009095877321047267	0.0	0.0	1.0132865367312147	0.0	0.0	0.0	7.2000540821001455e-06	0.0	0.0004822527766381723	0.0	0.0	0.0	0.0	0.0003577391748529568	0.0
Cycle_8	0.535178119968993	8.84587547721003e-06	0.0	0.007798355701438722	0.005779286091897912	0.09034244123311874	0.01469272820179462	4.598229203960485e-05	0.0	1.0120594020338196	0.0	0.0	0.0	0.00025063025504739434	0.0	0.0003932396154897057	0.0	8.24858890501402e-06	0.0	0.0	0.0002972551165966309	0.0
Cycle_9	0.5522166130071059	8.928529838122911e-06	0.0	0.00710145698751946	0.00474024137523121	0.09361837920365206	0.0155677916342568	0.0001130395749194236	0.0	1.0122596686156393	0.0	0.0	0.0	0.00022046395359294124	0.0	0.0003836868326320542	0.0	0.0	0.0	0.0	0.0003204631266301832	0.0
Cycle_10	0.553480189857682	8.766075515642681e-06	0.0	0.006415233997867316	0.004838663191463062	0.09125504511338979	0.015074818008852225	0.0	5.4974724401907125e-05	1.0114780474415799	0.0	0.0	0.0	0.0	0.0	0.0001706295864449586	0.001040309848713047	0.0	0.0	0.0	0.00058968737316105	0.0
Cycle_11	0.18997536508768192	8.683832760259838e-06	0.004990792350676396	0.007436117129267608	0.005527399129897476	0.1001776397264277	0.012505820902730573	0.0014515678316730845	0.0	1.0127123189181635	0.0	0.0	0.0	0.00017403803294276684	0.0	0.000475085609281028	0.0015932125786661208	0.0	0.0	0.0	0.0003046951493961116	0.0
Cycle_12	0.5600712592874608	1.113438113779005e-05	0.00013918358391920154	0.006587858745675254	0.005410362500740596	0.09435190563829128	0.015967547784794825	0.0001811210722961478	0.0	1.0127261416573219	0.0	0.0	0.0	0.00018718051725728153	0.0	0.0004930287424573951	0.0001936150038608611	1.4654665604515251e-06	0.0	0.0	0.0003446279994697033	0.0
Cycle_13	0.5678900367391706	1.097571008567742e-05	9.239939986325748e-05	0.0060418288488145915	0.0055805160071759185	0.09444883743093334	0.016192107567021764	0.00014510057855389162	0.0	1.0127889814989641	0.0	0.0	0.0	0.0002074289201790666	0.0	0.00046700270762251234	3.17780632561613e-05	2.3819540663863883e-06	0.0	0.0	0.00034103294281330996	0.0
Cycle_14	0.5729629987938424	1.2243903954003776e-05	6.729484767863258e-05	0.005730883197895691	0.005684771499431881	0.0939997546110224	0.016361280454374922	7.402430315213748e-05	0.0	1.012947277514036	0.0	0.0	0.0	0.00020519916090523508	0.0	0.00046363177602630533	0.0	1.000092234778894e-05	0.0	0.0	0.00034338633903063266	0.0
Cycle_15	0.5632229213789326	1.2487995119951765e-05	8.387468349795296e-05	0.005465041822716479	0.006116137514642196	0.09260763000100965	0.01633867679138793	3.6679310277359496e-05	0.0	1.012788890618177	0.0	0.0	0.0	0.00021465415189395075	0.0	0.00044874460143358333	0.0	1.4670592421607925e-05	0.0	0.0	0.00033718919497483657	0.0
Cycle_16	0.581470336493289	1.5099477674381578e-05	6.506026353406484e-05	0.005255155217921386	0.005564094267163051	0.0937730690766816	0.016309041340998913	3.724194169155334e-05	0.0	1.01288694293895	0.0	0.0	0.0	0.0002142959441260381	0.0	0.00044273143397139525	0.0	9.60387639548888e-06	0.0	0.0	0.00034599908658225264	0.0
Cycle_17	0.5825935134231394	1.4061653475180977e-05	6.91769937209491e-05	0.005085206694357572	0.006693699266029456	0.09105910796058721	0.016219272058137828	0.0	0.0	1.012787310671292	0.0	0.0	0.0	0.00020843574386406456	0.0	0.00043538782246134114	0.0	1.9235267942399643e-05	0.0	0.0	0.0003664724505890082	0.0
Cycle_18	0.5644210049392346	1.4681796718477113e-05	6.608759854085751e-05	0.004922917790384192	0.006797933005656183	0.09009525430069379	0.01604907540868905	0.0	0.0	1.0127627695151853	0.0	0.0	0.0	0.00017165993698576855	0.0	0.0004357116092265957	0.0	8.595945354209361e-06	0.0	0.0	0.00041378578935542777	0.0
Cycle_19	0.5709137554704876	1.4413991769506268e-05	9.008039839646021e-05	0.00478197103589995	0.007168987352192009	0.08952407536538588	0.015998672890625867	0.0	0.0	1.0128424813851578	0.0	0.0	0.0	0.00019007391018030452	0.0	0.0004384930421571486	0.0	1.7093287238721043e-05	0.0	0.0	0.0003914005577278798	0.0
Cycle_20	0.5743779285112052	1.477873872873911e-05	7.882870151310096e-05	0.004664087633380201	0.0070231893921995645	0.08976682940968682	0.015934837270297205	0.0	0.0	1.01278545654503	0.0	0.0	0.0	0.00019502731684588442	0.0	0.00043240946483812776	0.0	2.3532413032909003e-05	0.0	0.0	0.00038558605322914276	0.0
Cycle_21	0.5724601333462436	1.5549445547465902e-05	7.276208940314318e-05	0.004584210499906476	0.007655121853992401	0.08922304833315976	0.01589614026351426	0.0	0.0	1.0129039943541884	0.0	0.0	0.0	0.0001895569318501815	0.0	0.00043050577782329105	0.0	2.698608724014762e-05	0.0	0.0	0.00042010736757756465	0.0
Cycle_22	0.5666229836459175	1.6068569840189516e-05	7.307232751181191e-05	0.004494183770526558	0.007678070757853363	0.08854110071692209	0.015742239722628545	0.0	0.0	1.0128661101665295	0.0	0.0	0.0	0.00019088482006697846	0.0	0.00043414471591996054	0.0	2.248139143260249e-05	0.0	0.0	0.00041361250536098727	0.0
Cycle_23	0.5740375631193869	1.6483161958345577e-05	7.772889879052952e-05	0.004428892117475743	0.008089479338811949	0.08820808021869189	0.015543232910859689	0.0	0.0	1.013013621983498	0.0	0.0	0.0	0.00016061211063779523	0.0	0.000440613153201039	0.0	2.223933387636516e-05	0.0	0.0	0.00043408632622248607	0.0
Cycle_24	0.5658725590316094	1.7543504010179476e-05	0.0001173543107035267	0.004339016709846137	0.007615546081670268	0.08856715419832643	0.015657229513948608	0.0	0.0	1.01285890698239	0.0	0.0	0.0	0.00018556285711024607	0.0	0.00043551785954410837	0.0	2.6332475274737363e-05	0.0	0.0	0.00042726303119535917	0.0
Cycle_25	0.5672030422415579	1.7414966379112576e-05	8.897643219364621e-05	0.004282655229262199	0.007693837224705917	0.08709575433495224	0.015553787898787003	0.0	0.0	1.0128784822930355	0.0	0.0	0.0	0.00019005247685308728	0.0	0.0004390455444455864	0.0	2.643209800338609e-05	0.0	0.0	0.0004198850661534602	0.0
Cycle_26	0.5672943751625441	1.7820458314392394e-05	0.00011151892610170884	0.004239096142146572	0.00869992638730666	0.08616033593566781	0.015382889683806312	0.0	0.0	1.0130391601256197	0.0	0.0	0.0	0.00016408187093660677	0.0	0.00043967190875565833	0.0	3.491471427870594e-05	0.0	0.0	0.00043927666890296763	0.0
Cycle_27	0.5687934999224432	1.7618510978620046e-05	0.00010795674952297844	0.0041655425876531	0.009353332409627832	0.08382044894082843	0.014854508798137158	0.0	0.0	1.0127943299033841	0.0	0.0	0.0	0.0001749153100505322	0.0	0.0004424963460853772	0.0	3.3539009005623374e-05	0.0	0.0	0.0004480321558187778	0.0
Cycle_28	0.5634284990066115	1.871681987964237e-05	0.0001022165768798298	0.0041171894902065406	0.008946546850706248	0.08604462970967067	0.014936007722689977	0.0	0.0	1.01288990003442	0.0	0.0	0.0	0.00016843273328944874	0.0	0.00043571905321933193	0.0	3.7553984150748455e-05	0.0	0.0	0.0004431067394107316	0.0
Cycle_29	0.5749445696263715	1.7165420409307928e-05	0.00011201292174060341	0.004089538553687052	0.00913733727557985	0.0853244494457204	0.014845812206650972	0.0	0.0	1.01297389612619	0.0	0.0	0.0	0.00018313144580698015	0.0	0.00043958782133846915	0.0	4.5750800617460194e-05	0.0	0.0	0.0004350130279497481	0.0
Cycle_30	0.5670310050244984	1.7446196199422982e-05	0.0001276651891622733	0.004044782880997586	0.009839661123242326	0.08263961287338818	0.014523654865072136	0.0	0.0	1.0129554702043146	0.0	0.0	0.0	0.00018026460304671567	0.0	0.0004437236477890206	0.0	4.4803287106112394e-05	0.0	0.0	0.0004472283291906372	0.0
Cycle_31	0.5755986331599996	1.7704934043452506e-05	0.00013027358701459641	0.004035958545794995	0.009807360701826256	0.08415554429813044	0.014776589986936766	0.0	0.0	1.013004248475389	0.0	0.0	0.0	0.0001876512195473262	0.0	0.0004433644871408716	0.0	5.448962722934067e-05	0.0	0.0	0.0004362093473439382	0.0
Cycle_32	0.5780325072373708	1.727727750979965e-05	0.00013204823474329103	0.003959214386278262	0.010653872056111784	0.08212457426391558	0.014040795344941069	0.0	0.0	1.0128662680719351	0.0	0.0	0.0	0.00020180070840219183	0.0	0.0004477924652486758	0.0	6.403279017663293e-05	0.0	0.0	0.00043119796157682573	0.0
Cycle_33	0.576304445351859	1.7957632354794373e-05	0.00013099973573428266	0.003964743106935919	0.010925529722019657	0.0831006708119773	0.013810219348431383	0.0	0.0	1.013054049158221	0.0	0.0	0.0	0.0001891414673851723	0.0	0.00045591248835951564	0.0	5.97615619392623e-05	0.0	0.0	0.00043879065321369526	0.0
Cycle_34	0.5833470403397741	1.9678073461718015e-05	0.00014817160961670505	0.0039246550586841565	0.011103805399066673	0.0816292782959302	0.013510186877952312	0.0	0.0	1.0131537174383385	0.0	0.0	0.0	0.00016813692706258427	0.0	0.0004661681355774603	0.0	6.094716767735779e-05	0.0	0.0	0.0004519290141712755	0.0
Cycle_35	0.5816084869632531	1.8476157884162034e-05	0.00014724589024010446	0.003881277161005837	0.011019302817818079	0.08136063383007794	0.013584294456521527	0.0	0.0	1.01301299909857	0.0	0.0	0.0	0.00016826079771205618	0.0	0.00045323958187599913	0.0	6.177021014149359e-05	0.0	0.0	0.0004642437350536377	0.0
Cycle_36	0.576000504747688	1.75424443373196e-05	0.00014873424611989137	0.003859452410537295	0.011991136552411725	0.08129195659380994	0.013089536030023606	0.0	0.0	1.013002487632915	0.0	0.0	0.0	0.0001733841547327442	0.0	0.00047177323311992027	0.0	6.676046812602593e-05	0.0	0.0	0.00046079532732407345	0.0
Cycle_37	0.5896861532132985	1.832579537153125e-05	0.00015050571126999128	0.003842990686265073	0.011563709925066215	0.08129189277806871	0.013029678491027525	0.0	0.0	1.0131016572382283	0.0	0.0	0.0	0.00017429456133497578	0.0	0.00046335069102385295	0.0	6.050624682189206e-05	0.0	0.0	0.00047313741903055076	0.0
Cycle_38	0.5834047205228586	1.839001902595222e-05	0.00015055079392715522	0.0038286298890859065	0.012285424527192352	0.07945759468392917	0.0126303358846736	0.0	0.0	1.0131233254215788	0.0	0.0	0.0	0.00018135626858625665	0.0	0.0004720055693056361	0.0	6.802728457889158e-05	0.0	0.0	0.000463711793657423	0.0
Cycle_39	0.5820988291154212	1.925716106196808e-05	0.00015444815811620503	0.003772406689429972	0.012609464743469323	0.0795852980583866	0.012400351226329891	0.0	0.0	1.0130323529481164	0.0	0.0	0.0	0.00015896314206175353	0.0	0.0004705885138704652	0.0	7.379444547661844e-05	0.0	0.0	0.0004923204915433448	0.0
Cycle_40	0.5869427278118243	1.881145708233008e-05	0.00018508638833883572	0.0037638260451173704	0.013262008084840344	0.07904285474980646	0.011844481826802816	0.0	0.0	1.0131339984822016	0.0	0.0	0.0	0.00017256667095691787	0.0	0.0004882477379460147	0.0	7.948309354706965e-05	0.0	0.0	0.00047922022733075745	0.0
Cycle_41	0.5921476889050438	1.974825202660335e-05	0.00018457492404444557	0.003764553779820242	0.01398642993605883	0.07647971500000314	0.011206752145072083	0.0	0.0	1.0132100434007099	0.0	0.0	0.0	0.00017504644239860345	0.0	0.0004997424964991667	0.0	8.7771891142639e-05	0.0	0.0	0.0004636759877611757	0.0
Cycle_42	0.5890448931906489	1.916583790962116e-05	0.00018440144200396012	0.0037569963236306855	0.013732990464248812	0.07638258946548507	0.011532720651308654	0.0	0.0	1.0132566073579081	0.0	0.0	0.0	0.00016123034024964676	0.0	0.0005009611404830045	0.0	8.614557175244999e-05	0.0	0.0	0.00048325306535133475	0.0
Cycle_43	0.5909830905189565	1.901964755917859e-05	0.00018337872400733953	0.003738967064491968	0.013832558608001795	0.07683409951658962	0.011162800591065421	0.0	0.0	1.0132356882241558	0.0	0.0	0.0	0.00016045477170495827	0.0	0.0005064159112141441	0.0	8.589787056221023e-05	0.0	0.0	0.0004911570455117179	0.0
Cycle_44	0.5978146520079117	1.9428954356324373e-05	0.0002797305342199583	0.003720732399107626	0.014227094290301409	0.06611544903974804	0.010587958667738187	0.0	0.0	1.013250681158563	0.0	0.0	0.0	0.00016077690936030289	0.0	0.000613870198024507	0.0	0.00011134820899699116	0.0	0.0	0.0004574503367083347	0.0
Cycle_45	0.5862540785361525	1.9717545982819652e-05	0.0002836177546391627	0.0036987964693754385	0.014670796407701121	0.06656482281804509	0.010355764711190995	0.0	0.0	1.0133378028746247	0.0	0.0	0.0	0.00013679008711852254	0.0	0.0006189283669042398	0.0	0.00010532061671597668	0.0	0.0	0.00048112145577460744	0.0
Cycle_46	0.5952662803926283	2.008680918832409e-05	0.00029058567568912867	0.0036809012594825213	0.014684051445725717	0.06495533747887515	0.010181089129298637	0.0	0.0	1.0133128514216485	0.0	0.0	0.0	0.00015620558051550207	0.0	0.0006107778920507552	0.0	0.00011577710043661557	0.0	0.0	0.0004639226560973768	0.0
Cycle_47	0.5942201106878477	2.0577301094060413e-05	0.00028433065379419555	0.0036441376446171027	0.015361496838362531	0.06429467811464532	0.009617958866098206	0.0	0.0	1.0133095600209536	0.0	0.0	0.0	0.0001426398419652541	0.0	0.0006199260201716831	0.0	0.00011409657708308345	0.0	0.0	0.00048416589486283937	0.0
Cycle_48	0.5956341829753887	2.0362146910213276e-05	0.00027196079129803303	0.0036248744221501357	0.01551359038504966	0.06446292715180732	0.00952230048365544	0.0	0.0	1.0133338638638674	0.0	0.0	0.0	0.0001572855788586121	0.0	0.000622497257344846	0.0	0.00011608735437129262	0.0	0.0	0.00046460051783700653	0.0
Cycle_49	0.5900216197473035	2.0097372614630077e-05	0.0003049157790354063	0.003630044898452715	0.015496632786863284	0.06347814445119127	0.009277501099772413	0.0	0.0	1.0133641831133797	0.0	0.0	0.0	0.00014563416424878602	0.0	0.0006245926206548523	0.0	0.00011762137398985116	0.0	0.0	0.0004747675654567798	0.0
Cycle_50	0.5952840334044716	1.9018700517976078e-05	0.00028841087513222554	0.003606818462536753	0.015991499219102166	0.06359651798002736	0.008849441251563006	0.0	0.0	1.0134224891664154	0.0	0.0	0.0	0.00014829808229019953	0.0	0.0006381010709750034	0.0	0.00012198840584442196	0.0	0.0	0.00046525630142913246	0.0
Cycle_51	0.5941743295048072	2.0085982098157554e-05	0.00026548960163844045	0.0035817587444340235	0.01601960016613931	0.06397867744368511	0.008636870869819707	0.0	0.0	1.013317084071765	0.0	0.0	0.0	0.00014880491420137117	0.0	0.0006399835620223184	0.0	0.0001220873265371539	0.0	0.0	0.0004694104788182311	0.0
Cycle_52	0.5984839784863414	2.0455005739171677e-05	0.00030586821094406456	0.003586431485136309	0.016017585131727616	0.06311467157012361	0.008528598309420243	0.0	0.0	1.0134015902580327	0.0	0.0	0.0	0.00012083726990116513	0.0	0.0006330382230713355	0.0	0.00011660927991057824	0.0	0.0	0.0005037038606258056	0.0
Cycle_53	0.5973156198846828	1.9547874086710965e-05	0.0002937968788094103	0.0036175545727083988	0.016493452827798703	0.06328466141395031	0.008339420734078812	0.0	0.0	1.0135427888621946	0.0	0.0	0.0	0.00013074597181525014	0.0	0.0006486657129754456	0.0	0.00011981352167149379	0.0	0.0	0.000498250368886357	0.0
Cycle_54	0.6009678622116013	1.964796886101054e-05	0.00031585604814238173	0.003598612973015077	0.01642584196702413	0.06222095060396158	0.00808403059484595	0.0	0.0	1.0135228613301812	0.0	0.0	0.0	0.00011915620132549177	0.0	0.0006508318405796231	0.0	0.00011923864444253853	0.0	0.0	0.0004997037760695436	0.0
Cycle_55	0.6024490481673135	2.1976342205803348e-05	0.0003105833593599172	0.003615388295867276	0.01683530864223931	0.06260827031164617	0.007932686116497063	0.0	0.0	1.013413430075865	0.0	0.0	0.0	0.00011999667808496695	0.0	0.000646926542946513	0.0	0.00011550497113949693	0.0	0.0	0.0005118432119792722	0.0
Cycle_56	0.5957971720532004	1.9770607242963712e-05	0.00032908946786302243	0.0035931284409104905	0.016770684007123785	0.06247461635349506	0.007817449290138424	0.0	0.0	1.0135622956255177	0.0	0.0	0.0	0.00012673664170087697	0.0	0.0006504102509446	0.0	0.00012067914820729365	0.0	0.0	0.0004920994217332437	0.0
Cycle_57	0.5990329395825132	2.0228651970499462e-05	0.00030834060321820666	0.0035690453731601415	0.016790621055451205	0.06183153623072508	0.007756356529554177	0.0	0.0	1.0134016459813997	0.0	0.0	0.0	0.00011394476213537952	0.0	0.0006428321206746659	0.0	0.00011882403763929587	0.0	0.0	0.0005147258010703617	0.0
Cycle_58	0.608389673584799	2.0659993099204563e-05	0.00029901446227072637	0.003545203243289724	0.017298990470032766	0.0618917699521214	0.007196873665204553	0.0	0.0	1.0135368433912564	0.0	0.0	0.0	0.0001161375842972389	0.0	0.0006571826829131188	0.0	0.00012249027378001296	0.0	0.0	0.0005210307858479913	0.0
Cycle_59	0.5993842416312029	1.8960622476443595e-05	0.0003265279864273012	0.003573259514268502	0.017174967363193232	0.06167067467465528	0.007290060616187054	0.0	0.0	1.0134919629965256	0.0	0.0	0.0	0.00011828307519978793	0.0	0.0006556878083391492	0.0	0.00012133136693779315	0.0	0.0	0.0005183245705258872	0.0
Cycle_60	0.6116314805636369	1.9976655142127722e-05	0.0003066372178309341	0.003552803404495015	0.017351421792042417	0.06161752302777285	0.007002675683830034	0.0	0.0	1.0135280978362018	0.0	0.0	0.0	0.0001144563210904813	0.0	0.000664049088206478	0.0	0.00011808203295640663	0.0	0.0	0.0005217619485865774	0.0
Cycle_61	0.6010636628453854	2.0126137831630637e-05	0.00032260655381962256	0.0035509063317389067	0.017711743495305625	0.06123525611957691	0.0067146277747749915	0.0	0.0	1.0136094538546365	0.0	0.0	0.0	9.098345868033313e-05	0.0	0.0006655488089173488	0.0	0.00012033822070960223	0.0	0.0	0.0005387084895819822	0.0
Cycle_62	0.600482624645399	2.0839657810876443e-05	0.00032553783179454084	0.003578237552512645	0.017475949365134646	0.061202471796644536	0.0068145391505705435	0.0	0.0	1.0136773301932074	0.0	0.0	0.0	0.00011203552755088977	0.0	0.000671072240692401	0.0	0.00012219127431070575	0.0	0.0	0.000534935062711852	0.0
Cycle_63	0.6156521982891509	2.0611521103390713e-05	0.00031307133664765685	0.0035832931421815044	0.017765939279126206	0.060902964158089684	0.0065218142360284675	0.0	0.0	1.0136528239608817	0.0	0.0	0.0	0.00010319909808610368	0.0	0.0006759031801610536	0.0	0.00012036787907012384	0.0	0.0	0.0005402444626600053	0.0
Cycle_64	0.6048567558480866	2.063424628618183e-05	0.00035340556859868517	0.0035458815688477834	0.01790523174261934	0.06070553419937012	0.006259714828368914	0.0	0.0	1.013636385129127	0.0	0.0	0.0	0.00010449429727745459	0.0	0.0006771207489746494	0.0	0.00012312319672104854	0.0	0.0	0.0005320762422270275	0.0
Cycle_65	0.61139638774338	1.979666130814549e-05	0.0003264413880802476	0.0035845161004148434	0.018221336771296153	0.061107203116256385	0.006251072240428648	0.0	0.0	1.0137249869305152	0.0	0.0	0.0	9.794421131910372e-05	0.0	0.000680549118027826	0.0	0.00012061169059351583	0.0	0.0	0.000542182984002382	0.0
Cycle_66	0.6112898239559188	1.9607618296701646e-05	0.0003241694770810153	0.003568448782525607	0.018005824056609367	0.0607540548187176	0.006167288501131431	0.0	0.0	1.0137155802786764	0.0	0.0	0.0	9.198214274927882e-05	0.0	0.0006808538375762424	0.0	0.00012193772609239896	0.0	0.0	0.0005468241550121451	0.0
Cycle_67	0.603227513646634	1.935219858564591e-05	0.0003269686558163217	0.0035761132780031306	0.018458481277141576	0.06081043111345677	0.006026131623049402	0.0	0.0	1.0138153642446963	0.0	0.0	0.0	9.323826442053865e-05	0.0	0.0006825960881360357	0.0	0.0001278595930479499	0.0	0.0	0.0005418309825221412	0.0
Cycle_68	0.614084422449317	2.066509880597621e-05	0.00035030117864390833	0.0035699346968448955	0.018361250207590617	0.060739206909638806	0.005915037819477503	0.0	0.0	1.0137070028607007	0.0	0.0	0.0	0.0001048334329771723	0.0	0.0006846014270405818	0.0	0.00012787346675402676	0.0	0.0	0.0005363577979130708	0.0
Cycle_69	0.6160999130513034	1.981515649592534e-05	0.0003553556323179898	0.0035716833212711806	0.018247544509392262	0.05999943273588086	0.005774116368745974	0.0	0.0	1.0137497248277685	0.0	0.0	0.0	9.684583005035237e-05	0.0	0.0006769019259370609	0.0	0.00012403216999591513	0.0	0.0	0.0005530355987093721	0.0
Cycle_70	0.618881848301994	2.0133612368517204e-05	0.0003150387343588861	0.0035703926574020633	0.018201493334671495	0.059849274678726284	0.005828728479107584	0.0	0.0	1.0138011124296018	0.0	0.0	0.0	7.591581677900961e-05	0.0	0.0006849940291823221	0.0	0.0001219381076080999	0.0	0.0	0.0005607463606630859	0.0
Cycle_71	0.6177018189040416	2.0925726313189155e-05	0.0003404272586174687	0.0035410244884460183	0.018789919207519046	0.06006064364824935	0.005549330484910172	0.0	0.0	1.0138397363799012	0.0	0.0	0.0	8.57640656406461e-05	0.0	0.0006964563758885521	0.0	0.00012692347019563178	0.0	0.0	0.0005574067913409495	0.0
Cycle_72	0.6125316048749662	1.9982938087892728e-05	0.00034222069141408816	0.003549163890109651	0.01844844751294244	0.05968741471564927	0.005380967868582785	0.0	0.0	1.0138916121487649	0.0	0.0	0.0	7.554532304047142e-05	0.0	0.000698356582886788	0.0	0.00012532059294374494	0.0	0.0	0.0005607768386444907	0.0
Cycle_73	0.6189458693126008	2.0318617386375714e-05	0.00034137023490723436	0.0035448764250898823	0.018888024730057924	0.06047053558665231	0.005422225278078726	0.0	0.0	1.0138865556209893	0.0	0.0	0.0	9.123119567052723e-05	0.0	0.0006977650184753989	0.0	0.00013008659871673546	0.0	0.0	0.0005525677567132666	0.0
Cycle_74	0.6210496735707394	2.1909361474183674e-05	0.00037800592683782144	0.0035848639614641914	0.01872457111820104	0.059999836517948754	0.0054108017999269595	0.0	0.0	1.0139002705638231	0.0	0.0	0.0	7.721088179952309e-05	0.0	0.0006973936338780239	0.0	0.00013085271656866846	0.0	0.0	0.0005557662914594287	0.0
Cycle_75	0.6191137061677869	2.035793938726387e-05	0.00033040452615932565	0.0035726827682613354	0.0190528870437462	0.05973771410318517	0.005135036450161817	0.0	0.0	1.0140080517673609	0.0	0.0	0.0	6.492657106493141e-05	0.0	0.000709729793597132	0.0	0.000127079190925523	0.0	0.0	0.0005695676434150631	0.0
Cycle_76	0.6213352646320137	2.056051082121669e-05	0.00034784613473973615	0.0035464345260388997	0.019134559874278298	0.059701242054626444	0.0049825782153648844	0.0	0.0	1.0139313513316428	0.0	0.0	0.0	5.591032217450758e-05	0.0	0.0007087103664409824	0.0	0.00012513867273059213	0.0	0.0	0.0005699345668051539	0.0
Cycle_77	0.6277499223839981	2.1841487934946665e-05	0.0003564130570132025	0.0035557257582225655	0.0190185334045813	0.05946499230402002	0.00490520217763502	0.0	0.0	1.0139388747147526	0.0	0.0	0.0	6.933905672201411e-05	0.0	0.0007061782527011648	0.0	0.00012477572186657965	0.0	0.0	0.0005681304773424945	0.0
Cycle_78	0.6192646625931197	2.0647638691686613e-05	0.0003597144230862282	0.003551301026275294	0.0191772396484168	0.05959735250734595	0.004825042436619325	0.0	0.0	1.0140031560616178	0.0	0.0	0.0	7.807855763241365e-05	0.0	0.0007135426667853899	0.0	0.0001299380520285091	0.0	0.0	0.0005675443079131633	0.0
Cycle_79	0.6292448257308636	2.198071890811089e-05	0.0003620640629741909	0.003568794320199286	0.019338510276080207	0.059339840082260946	0.0046487722724393435	0.0	0.0	1.014029981007005	0.0	0.0	0.0	6.645384185003441e-05	0.0	0.0007177683906642714	0.0	0.00012738067795838931	0.0	0.0	0.0005682095923494727	0.0
Cycle_80	0.6268558829418219	2.015268579250206e-05	0.0003410778724909353	0.0035705199524770585	0.01947992057637702	0.05954757503859028	0.004597394017630328	0.0	0.0	1.014191100483931	0.0	0.0	0.0	5.4479761875395696e-05	0.0	0.000719406149935288	0.0	0.0001293136208435214	0.0	0.0	0.0005667118470419168	0.0
Cycle_81	0.6262889862005533	2.0240887355933997e-05	0.00034763317670243016	0.003559969519604011	0.01940584333283667	0.05901092805071693	0.004393465698727419	0.0	0.0	1.014077136890524	0.0	0.0	0.0	5.778423285076978e-05	0.0	0.00072254934993162	0.0	0.00012908552426464084	0.0	0.0	0.0005807895941437053	0.0
Cycle_82	0.625437201024851	2.0609549081375306e-05	0.00034975233629311634	0.003564652675260639	0.01961904507122312	0.05928595740673286	0.004361353828003785	0.0	0.0	1.0141288806569422	0.0	0.0	0.0	5.8149577781128404e-05	0.0	0.0007327644914545902	0.0	0.00012962288051559094	0.0	0.0	0.000581282770454132	0.0
Cycle_83	0.6214035957241286	2.0831806871017287e-05	0.00035688770564469227	0.0035967561209545064	0.019774605000652777	0.0596818306969335	0.004370856255832942	0.0	0.0	1.014229425624475	0.0	0.0	0.0	4.331562417666643e-05	0.0	0.0007279994473571352	0.0	0.00013268629273874118	0.0	0.0	0.0005794714444801958	0.0
Cycle_84	0.6335811847257449	1.974247932186443e-05	0.0003904598552003287	0.0035857921139642195	0.019668387626726732	0.059151209551440875	0.004298396658034761	0.0	0.0	1.0141147094437137	0.0	0.0	0.0	4.902013565492092e-05	0.0	0.0007224493914865135	0.0	0.00012770064790007768	0.0	0.0	0.0005950439204773381	0.0
Cycle_85	0.6354463207176844	2.0118702576636696e-05	0.0003604222395409136	0.0035900513845581092	0.019871357581088135	0.05891141282642511	0.0041865565675016925	0.0	0.0	1.0141875181827276	0.0	0.0	0.0	3.920611649354367e-05	0.0	0.0007265931254063014	0.0	0.00013485498825761556	0.0	0.0	0.0005914698625762663	0.0
Cycle_86	0.6332866871984295	2.1034148181300853e-05	0.00038291267463560515	0.003578235041830314	0.01995513848092188	0.05907160707227433	0.004033872585986195	0.0	0.0	1.0142010046605587	0.0	0.0	0.0	3.9573801429026674e-05	0.0	0.0007442970417271765	0.0	0.0001293303366063066	0.0	0.0	0.0006090880255795939	0.0
Cycle_87	0.6332090422612908	1.9962649487074582e-05	0.0003792666838980443	0.003588341711330437	0.020100475617523466	0.058674149896815894	0.003948455142145822	0.0	0.0	1.0141935981223384	0.0	0.0	0.0	3.319080984403461e-05	0.0	0.0007285902473234162	0.0	0.00012786421404933386	0.0	0.0	0.0005983614077127917	0.0
Cycle_88	0.6269184038835449	2.0565374247900093e-05	0.0003525478490804939	0.0035583278456769113	0.020031869281802693	0.058655092422510144	0.003947866045044799	0.0	0.0	1.0142208088988423	0.0	0.0	0.0	1.9200989096595683e-05	0.0	0.0007314721374347346	0.0	0.00012331184260893073	0.0	0.0	0.0006302129821630345	0.0
Cycle_89	0.6421298951806529	2.1658690249953472e-05	0.0003980726585579616	0.0035883598048347194	0.020062397975178708	0.05884818633442572	0.0039186059674447184	0.0	0.0	1.0143165910383174	0.0	0.0	0.0	1.7455536088518447e-05	0.0	0.0007320550718305932	0.0	0.00012838180064333435	0.0	0.0	0.0006186926426249037	0.0
Cycle_90	0.6340433688364154	2.0705128530739643e-05	0.00040486021431717083	0.0035972264719630344	0.020186389356240293	0.0586931060553097	0.003762415502051101	0.0	0.0	1.0142177326074961	0.0	0.0	0.0	2.572408743766215e-05	0.0	0.0007242058192930126	0.0	0.0001318284161908215	0.0	0.0	0.0006078583800092381	0.0
Cycle_91	0.6381282379141074	2.0872205507051168e-05	0.00038533133749665404	0.0036238699700588536	0.02014009654347274	0.05850068302345933	0.0036940327669037556	0.0	0.0	1.0143907877997362	0.0	0.0	0.0	2.5774478536608944e-06	0.0	0.0007434334637868328	0.0	0.00012629695209784945	0.0	0.0	0.0006296041240116028	0.0
Cycle_92	0.6345209593265487	2.14832355858555e-05	0.000324893545162255	0.0036277838559852973	0.020180998384697082	0.05844550817655906	0.003677375297263638	0.0	0.0	1.0142916336808778	0.0	0.0	0.0	2.132349141617262e-05	0.0	0.0007400091176655286	0.0	0.00013156433982355772	0.0	0.0	0.0006048159469142801	0.0
Cycle_93	0.6248916898003719	2.0166575119204064e-05	0.0004274421426591311	0.0036047727827382492	0.020305908229595934	0.058245330130884766	0.0035696362898323163	0.0	0.0	1.0143362850138313	0.0	0.0	0.0	1.584628859120875e-05	0.0	0.0007419657589659601	0.0	0.0001270108688465799	0.0	0.0	0.0006218966922489953	0.0
Cycle_94	0.6313160592691758	2.1067944868497293e-05	0.0004454089618205214	0.0036513320797480924	0.020276653129877226	0.05828846317628368	0.003522792632219926	0.0	0.0	1.014378664881778	0.0	0.0	0.0	8.822811154407425e-07	0.0	0.0007385054031613473	0.0	0.00012538204581591205	0.0	0.0	0.0006352737751358856	0.0
Cycle_95	0.6383790706141381	2.0761651068233075e-05	0.00040931563221094255	0.0037107624411202903	0.02053560903811426	0.058458883831862846	0.0034724000638657474	0.0	0.0	1.014529647086092	0.0	0.0	0.0	1.4318025634839445e-05	0.0	0.0007637118810118517	0.0	0.00014104076401756164	0.0	0.0	0.0005973031944331064	0.0
Cycle_96	0.6386152223772947	2.1224928327959235e-05	0.0004235556040719088	0.00365570069856533	0.020750447093678973	0.058478275016122586	0.003369369763738199	0.0	0.0	1.0144826310803905	0.0	0.0	0.0	2.307499386456502e-06	0.0	0.0007442123836744218	0.0	0.00013065239997533295	0.0	0.0	0.0006270474480502028	0.0
Cycle_97	0.6374886879701083	2.212736646752542e-05	0.0004296221422022138	0.0036426317446417956	0.02061053992252515	0.05833686515316965	0.0033477818699695983	0.0	0.0	1.0145211613725815	0.0	0.0	0.0	7.893334018817025e-07	0.0	0.0007506943511297171	0.0	0.00013338202851026317	0.0	0.0	0.000623089717128938	0.0
Cycle_98	0.6383385557689845	2.065768717111427e-05	0.0003688085960986289	0.0036138676050987387	0.020776518638840048	0.058653204714338436	0.003311191448628311	0.0	0.0	1.0144839963719146	0.0	0.0	0.0	2.8191064576161456e-06	0.0	0.000757689098001846	0.0	0.00012727754172819406	0.0	0.0	0.0006368355680366913	0.0
Cycle_99	0.6446673904338185	2.2087001666212043e-05	0.0003694375480887777	0.003604376938162743	0.020718430235094423	0.05850823677847605	0.003263808554735145	0.0	0.0	1.0145176889255934	0.0	0.0	0.0	0.0	0.0	0.0007508544934963347	0.0	0.00013239152837051196	0.0	0.0	0.0006277685379566199	0.0
Cycle_100	0.6452995330131338	2.0263820643641873e-05	0.0005011904913858197	0.0036841421522550086	0.02061128213151716	0.05839379966087132	0.0032097744250028024	0.0	0.0	1.0146018848287088	0.0	0.0	0.0	0.0	0.0	0.0007574568089435701	0.0	0.00013092115560525984	0.0	0.0	0.000631047448886224	0.0
Cycle_101	0.6371815563404092	2.042898902131435e-05	0.00045531313106404205	0.0036784138401698193	0.02085558375351886	0.058181706136893	0.003124404028661444	0.0	0.0	1.0145413392303966	0.0	0.0	0.0	0.0	0.0	0.00074899629273148	0.0	0.00012823863360101036	0.0	0.0	0.0006468833473432814	0.0
Cycle_102	0.6433677553337239	2.1040661176592807e-05	0.0004490289745437662	0.0037555098463325307	0.020767382624072166	0.05824183582666908	0.0031727361524240705	0.0	0.0	1.0146235363775267	0.0	0.0	0.0	0.0	0.0	0.0007508330687753104	0.0	0.00013323922556060744	0.0	0.0	0.0006285580784619042	0.0
Cycle_103	0.6367063853476802	2.0741022880180074e-05	0.00046696112989953834	0.0037003544475762624	0.020629303771338814	0.05784290924510204	0.0030351314132645003	0.0	0.0	1.0145562492495073	0.0	0.0	0.0	0.0	0.0	0.0007479038382834192	0.0	0.00013565361935645074	0.0	0.0	0.0006288867680137566	0.0
Cycle_104	0.6436143414974675	2.1372362039490046e-05	0.00041416094071797396	0.0037301138125660945	0.021152890954784852	0.05818499523125147	0.0029862764439160224	0.0	0.0	1.0146277333960967	0.0	0.0	0.0	0.0	0.0	0.0007489314832774109	0.0	0.00013630483349706186	0.0	0.0	0.000644458970811234	0.0
Cycle_105	0.6396110177297395	2.1612912136513844e-05	0.000499119821347185	0.0037713707616113487	0.02125298116022195	0.05820644893538083	0.003006812161567816	0.0	0.0	1.014689753485841	0.0	0.0	0.0	0.0	0.0	0.0007587105526636211	0.0	0.0001397886664206908	0.0	0.0	0.0006257816988497105	0.0
Cycle_106	0.6361992225597399	2.133857427803461e-05	0.0006231490670335879	0.0038524613211470436	0.021238045534413448	0.05796036150337201	0.002939618424180694	0.0	0.0	1.0147392387946688	0.0	0.0	0.0	0.0	0.0	0.0007603062470890414	0.0	0.00014441080858289672	0.0	0.0	0.0006408886930863752	0.0
Cycle_107	0.6393590559576258	2.1536269679213265e-05	0.0006913659375928855	0.003968734809529196	0.021466499994557766	0.05833743416002412	0.002900064647161721	0.0	0.0	1.0145255145705963	0.0	0.0	0.0	0.0	0.0	0.0007580747701605947	0.0	0.0001435708832658405	0.0	0.0	0.0006419713731447416	0.0
Cycle_108	0.6368812250160424	2.1944733031977327e-05	0.0005905810187751735	0.004063283983347915	0.02137890286049479	0.05800866598768234	0.0028588385149445287	0.0	0.0	1.0146888206639102	0.0	0.0	0.0	0.0	0.0	0.0007594196126208457	0.0	0.000141659094670787	0.0	0.0	0.000650635309622815	0.0
Cycle_109	0.637539367760174	2.1512853680563638e-05	0.0006309429597392529	0.004099203616273061	0.02160956122763288	0.05782285299981999	0.0027644796549007884	0.0	0.0	1.0146995150503086	0.0	0.0	0.0	0.0	0.0	0.0007595450354930864	0.0	0.00014158410515268267	0.0	0.0	0.0006365591339940648	0.0
Cycle_110	0.6397668075183784	2.133813684360164e-05	0.0006621626926110367	0.004043626426046307	0.02153820022103531	0.05758755234954787	0.0026832011541781378	0.0	0.0	1.0146514473229906	0.0	0.0	0.0	0.0	0.0	0.0007594294320280135	0.0	0.00015275783132982513	0.0	0.0	0.0006418989594278888	0.0
Cycle_111	0.6426776659837847	2.1962849771267287e-05	0.0007238568274929353	0.004153860438559856	0.02163883193230823	0.057775529069507434	0.0026662747384585293	0.0	0.0	1.0147362369779596	0.0	0.0	0.0	0.0	0.0	0.0007653738729217545	0.0	0.0001515074564198692	0.0	0.0	0.0006228840744096499	0.0
Cycle_112	0.6421196191392132	2.162041899741638e-05	0.000550423093829813	0.004131852256705376	0.021556330885427858	0.057713971939153	0.002601025425888118	0.0	0.0	1.014769625211682	0.0	0.0	0.0	0.0	0.0	0.0007646048892043287	0.0	0.00015151217648266414	0.0	0.0	0.0006454818036788534	0.0
Cycle_113	0.6215821980267449	2.068842385946011e-05	0.0004857625630220775	0.003915445482061487	0.021198536248186822	0.056519835745876684	0.002036276930455184	0.0	0.0	1.0136416957049974	0.0	0.0	0.0	0.0	0.0001632042417577839	0.00041800075370957893	0.001440519438603932	1.4783303613252055e-05	0.0	0.0	0.0007515281220567357	0.0
Cycle_114	0.27157063378207547	2.06225171420554e-05	0.0072374294699576085	0.006705429799579951	0.02304209692674615	0.055572814548447244	0.002644129121634096	0.0007859385914807742	0.0	1.0150559169220497	0.0	0.0	0.0	0.0	0.0	0.0011102090754087485	0.0019922453530415098	8.866878757907487e-05	0.0	0.0	0.0006655642774201916	0.0
Cycle_115	0.6439808922926716	2.129433599436031e-05	0.0006481895345329717	0.004472930553494058	0.021958953279134347	0.05823174618825216	0.002493541464506714	0.0	0.0	1.0148665489837743	0.0	0.0	0.0	0.0	0.0	0.0008813396888125163	0.00014592117754285585	0.00015203583916236196	0.0	0.0	0.0006283616372995393	0.0
Cycle_116	0.6649985302003564	2.1945948100773015e-05	0.000566692975980653	0.0039887733927480035	0.021711615602915867	0.05802908373559735	0.002455387827204343	0.0	0.0	1.0148809848001645	0.0	0.0	0.0	0.0	0.0	0.0008439948758269404	0.0	0.0001454605422482509	0.0	0.0	0.0006229819036451111	0.0
Cycle_117	0.6546317661620855	2.2467537885725733e-05	0.0005637552124434092	0.0038987782789950075	0.02143739338325087	0.05797146103965174	0.0025318313548766992	0.0	0.0	1.0148452838307533	0.0	0.0	0.0	0.0	0.0	0.0008324255594363584	0.0	0.00014244762393477903	0.0	0.0	0.0006311634197463453	0.0
Cycle_118	0.6477696757642964	2.1337380743242018e-05	0.0006349274043305766	0.00392087467737435	0.02152931847340781	0.057836531903317105	0.002492943729082235	0.0	0.0	1.014792562967537	0.0	0.0	0.0	0.0	0.0	0.0008006039023329441	0.0	0.00014636252861849883	0.0	0.0	0.0006412451863635318	0.0
Cycle_119	0.6493125577250692	2.178918209700515e-05	0.0005529896637988848	0.003885972458594009	0.02149006337653534	0.05789903546907727	0.0025027168054188513	0.0	0.0	1.014872099278272	0.0	0.0	0.0	0.0	0.0	0.0007900078700303746	0.0	0.0001461017028253148	0.0	0.0	0.0006390285048564826	0.0
Cycle_120	0.6495634437332255	2.1874417160701776e-05	0.0004928202219736886	0.0038320863938387647	0.021621661424769588	0.05771702334152503	0.0024029334249588107	0.0	0.0	1.0148767370193044	0.0	0.0	0.0	0.0	0.0	0.0007815129127577068	0.0	0.00014142891221577736	0.0	0.0	0.0006462789149261918	0.0
Cycle_121	0.6420627827276214	2.1280395721764533e-05	0.0005356806439787891	0.003827158210689588	0.021498295619638993	0.05793659639916595	0.002423780743341798	0.0	0.0	1.0148473200853676	0.0	0.0	0.0	0.0	0.0	0.0007798952198705726	0.0	0.00014119884347741773	0.0	0.0	0.0006607917819893754	0.0
Cycle_122	0.6492207959426134	2.1238007122927928e-05	0.0004446834766081246	0.0038668153669722577	0.021530521233343876	0.05785120513316294	0.0024844060752599066	0.0	0.0	1.0151088154274825	0.0	0.0	0.0	0.0	0.0	0.0007852849709359144	0.0	0.00014721156313429292	0.0	0.0	0.0006245312877757478	0.0
Cycle_123	0.6362513234386387	2.085659912004869e-05	0.0005275835172017894	0.003868912876187506	0.021709612324763625	0.0578594321149611	0.002380001826799844	0.0	0.0	1.0149438675587623	0.0	0.0	0.0	0.0	0.0	0.0007775823264711794	0.0	0.00014198373236503075	0.0	0.0	0.0006515216406826635	0.0
Cycle_124	0.6488708692364168	2.187486585750599e-05	0.0005634385081626015	0.003921068942335934	0.021580140011806102	0.057595550721016096	0.002366833615685521	0.0	0.0	1.0150501662573417	0.0	0.0	0.0	0.0	0.0	0.0007826599886948292	0.0	0.00014906981842481942	0.0	0.0	0.0006278495763051393	0.0
Cycle_125	0.6506507010673629	2.2672881494419073e-05	0.0004696359722429908	0.0038277934006340636	0.021883802484682257	0.05806626806401613	0.002313927692071037	0.0	0.0	1.0150020631921244	0.0	0.0	0.0	0.0	0.0	0.0007827700333774023	0.0	0.00014893170849762126	0.0	0.0	0.000641564011560139	0.0
Cycle_126	0.6559285438671427	2.360327266182603e-05	0.0005443284674500412	0.003927982008451475	0.02208831065389814	0.05794670841158292	0.0022266640776061842	0.0	0.0	1.0150037028817995	0.0	0.0	0.0	0.0	0.0	0.0007807691657987295	0.0	0.00014983859792793756	0.0	0.0	0.0006417174859659324	0.0
Cycle_127	0.6495855785918795	2.205447175860427e-05	0.00047496909244542805	0.003951183792199128	0.022474439730343132	0.05792661429884666	0.0021154803237915	0.0	0.0	1.0150769023193704	0.0	0.0	0.0	0.0	0.0	0.0007923325587859991	0.0	0.0001559025318937219	0.0	0.0	0.0006602841626462553	0.0
Cycle_128	0.6584699497367708	2.2578598293704713e-05	0.0005641624316077244	0.0040742355791902754	0.022338464905053552	0.058195278647318875	0.002145951249091326	0.0	0.0	1.0150994271121994	0.0	0.0	0.0	0.0	0.0	0.0007865175284624146	0.0	0.00015631292125656014	0.0	0.0	0.000663998217928951	0.0
Cycle_129	0.6510085631819664	2.2030133542992668e-05	0.0005906171282446477	0.004025850594860553	0.022340947821187892	0.057668215473521814	0.002134905860979859	0.0	0.0	1.0150736760460672	0.0	0.0	0.0	0.0	0.0	0.0007803130074273774	0.0	0.00015614095779771604	0.0	0.0	0.0006485485222688253	0.0
Cycle_130	0.6513794993821598	2.195588489537208e-05	0.0008064272071593853	0.0041345037009299715	0.02257703121596066	0.05722331907370496	0.002093425671781331	0.0	0.0	1.0151216798639184	0.0	0.0	0.0	0.0	0.0	0.0007759823845122175	0.0	0.00016365043563017147	0.0	0.0	0.0006485452795319379	0.0
Cycle_131	0.6495106020457704	2.1726639674402113e-05	0.0008152754204022392	0.004354613329420734	0.02280862331868896	0.05711626864425392	0.0020216995341979776	0.0	0.0	1.015092959320131	0.0	0.0	0.0	0.0	0.0	0.0007826829543663749	0.0	0.00016756653358871056	0.0	0.0	0.0006601167589223332	0.0
Cycle_132	0.6372888944244741	2.2155979973089053e-05	0.0009311580737575957	0.004956887083697189	0.02283972814062056	0.05743665232069908	0.00218862857360066	0.0	0.0	1.015233501779165	0.0	0.0	0.0	0.0	0.0	0.0007947875422360113	0.0	0.00017162975010937652	0.0	0.0	0.0006373460503191689	0.0
Cycle_133	0.6515986312550908	2.1703053861915232e-05	0.0010393438896388013	0.004556726710992432	0.022918459068029362	0.056977212041043696	0.0019315019391260798	0.0	0.0	1.0150596524481308	0.0	0.0	0.0	0.0	0.0	0.0007859851360653908	0.0	0.00017148731647357177	0.0	0.0	0.0006569890418848221	0.0
Cycle_134	0.6361517591054011	2.0936204389504715e-05	0.0011098417014638773	0.004671015524120091	0.02284103792837148	0.05679083273712812	0.0019079966169085433	0.0	0.0	1.0150550845866335	0.0	0.0	0.0	0.0	0.0	0.000787925468057051	0.0	0.00017007369257889684	0.0	0.0	0.0006635469322925204	0.0
Cycle_135	0.6235646249099344	2.2068287945687672e-05	0.0007878809245687603	0.0044898266887537135	0.023339337979564834	0.05460145007155857	0.0013589126148365824	0.0	0.0	1.013835259062763	0.0	0.0	0.0	0.0	0.0003021759951597381	0.0003697359710728415	0.0017559680546747009	3.6867524866475184e-05	0.0	0.0	0.0007963355844090817	0.0
Cycle_136	0.3120522050183384	2.0378373607035005e-05	0.004508846114112819	0.008137837144363225	0.009748260150997268	0.027234256589136877	0.003419901404448611	0.0002446664208352624	0.0	1.0151614928090065	0.0	0.0	0.0	0.0	0.0	0.001149253500896292	0.019881904969376422	0.0	0.0	0.0	0.0006971637035848369	0.0
Cycle_137	0.17497904600815367	1.948792968769629e-05	0.003987604957903578	0.00802737835006277	0.002419620927410304	0.010996792052946777	0.0019660046475826914	0.0	0.00021338924811494677	1.0144521957671029	0.0	0.0	0.0	0.0	0.00010901067160649674	0.0	0.035192367737294096	0.0	0.0	0.0	0.0009193695990113791	0.0
Cycle_138	0.06089601578414989	1.978738712037987e-05	0.0034622902843258847	0.006535410574605571	0.0009361985694751486	0.007781091498608695	0.001513307265810946	0.0009544516135475499	0.0001259158534567398	1.0147928146139815	0.0	0.0	0.0	0.0	0.0	0.00021728980036349703	0.027002910195603316	0.0	0.0	0.0	0.0008889282011315179	0.0
Cycle_139	0.07439411887831694	1.4725722952349616e-05	0.0021366789602165074	0.007001908833075231	0.0032376055844040093	0.024206569578171605	0.001109372841814053	0.0007482625839398312	0.0012675505123652144	1.015025803541665	0.0	0.0	0.0	0.0	0.0	0.0008230569681434515	0.01718431541991656	0.0	0.0	0.0	0.0006677537966777733	0.0
Cycle_140	0.12555381537061325	1.3383259478378946e-05	0.0014690130326114833	0.007457995746885165	0.004867233659836291	0.03432970048985003	0.0007791328839201314	0.0006370010482097462	0.0021162188519899742	1.0150406941192753	0.0	0.0	0.0	0.0	0.0	0.001047185423506723	0.00999993314416385	0.0	0.0	0.0	0.000575383327244496	0.0
Cycle_141	0.14810586039756934	1.3201480158694935e-05	0.001011140799070211	0.007573946668919279	0.006063787837644087	0.041559931545583205	0.0006247877411650262	0.0005318697234538917	0.002855908450696115	1.0149925074133948	0.0	0.0	0.0	0.0	0.0	0.0010343696789842914	0.005906082573994744	0.0	0.0	0.0	0.0005588118961229549	0.0
Cycle_142	0.1568480434341077	1.300503881342596e-05	0.0007399424080965262	0.007632931263983191	0.006495340780128466	0.04505987916483837	0.0005516790302348649	0.00044403718307959027	0.003371172319022244	1.014988194530678	0.0	0.0	0.0	0.0	0.0	0.0009897398854720357	0.0037434017012597702	0.0	0.0	0.0	0.0005591751157930741	0.0
Cycle_143	0.15740288734694757	1.2704151393502871e-05	0.0005404451022805004	0.007624696108090141	0.006909345212171251	0.048773588024429784	0.0005495637898049934	0.00045273775074436304	0.003951967842762947	1.0150455813839219	0.0	0.0	0.0	0.0	0.0	0.0009308200663170549	0.002652509767082883	0.0	0.0	0.0	0.0005520368274332445	0.0
Cycle_144	0.16050777127547394	1.2489853656820657e-05	0.0004401810560609674	0.007763777138115081	0.0072260039984303765	0.052078275400105956	0.0005427201807194916	0.0005184754607785897	0.004433646754384727	1.0150289526779213	0.0	0.0	0.0	0.0	0.0	0.0008653158534216326	0.002121799937174948	0.0	0.0	0.0	0.0005535536979420575	0.0
Cycle_145	0.1594634930421284	1.3633267901823865e-05	0.0003686360549120493	0.007824232451881656	0.0073180897771823765	0.05405102495005779	0.0005802166733998846	0.0005618706956423652	0.004877349672589111	1.0150491419723064	0.0	0.0	0.0	0.0	0.0	0.0008082935753970355	0.001823599738974881	0.0	0.0	0.0	0.000570280766570895	0.0
Cycle_146	0.1554854703603117	1.2318700764651481e-05	0.0003094399850183795	0.007822415623775685	0.007272866832795293	0.055415631291462965	0.0005665743046210903	0.0006058082229651508	0.005264502649957207	1.0150688379150412	0.0	0.0	0.0	0.0	0.0	0.0007566700121785059	0.0016394603896192667	0.0	0.0	0.0	0.000580117108461876	0.0
Cycle_147	0.15189696657722662	1.256214710877203e-05	0.00027497146580018634	0.00785266020000374	0.007177610111961304	0.05655299846172331	0.0005740492577081155	0.0006572958219727584	0.005593253815733826	1.0150477605118453	0.0	0.0	0.0	0.0	0.0	0.0007225224890848356	0.0015407449227354058	0.0	0.0	0.0	0.0005701054554319513	0.0
Cycle_148	0.14764513715649905	1.253300533921682e-05	0.00023488466561629728	0.007826430194056025	0.007099288832865186	0.05738245342519759	0.0005438738708557408	0.0006993034633627091	0.005888996363298722	1.0150512806855234	0.0	0.0	0.0	0.0	0.0	0.0007044684126708389	0.0014491482883660833	0.0	0.0	0.0	0.0005711820441248124	0.0
Cycle_149	0.1430798168747969	1.2249840859645136e-05	0.0001974702268697385	0.007781416753735978	0.006849958041282301	0.05759558850605362	0.0005315269845941132	0.000728447801819251	0.006137767606114478	1.0150748868069248	0.0	0.0	0.0	0.0	0.0	0.0006709220716203136	0.0013718917352168057	0.0	0.0	0.0	0.0005780160761530567	0.0
Cycle_150	0.1381071430223462	1.2833960965654128e-05	0.00015789618051968536	0.007735714405252903	0.006684693079246425	0.0582601848624962	0.0005162478314624643	0.0007452099495938138	0.0064060871110913275	1.015110816279162	0.0	0.0	0.0	0.0	0.0	0.0006552777317420487	0.0012976199647265682	0.0	0.0	0.0	0.000565843316754626	0.0
Cycle_151	0.1339486723649434	1.182934679442053e-05	0.00013331031253176328	0.007664470943348701	0.006502422719246483	0.05841524621247156	0.0004893113047019176	0.000762716867365172	0.006601214832518656	1.0150672852537896	0.0	0.0	0.0	0.0	0.0	0.0006294213173309727	0.0012378747095444405	0.0	0.0	0.0	0.0005705313290447352	0.0
Cycle_152	0.12801273216061063	1.1845561814522766e-05	0.00010390593254956867	0.007584450687794373	0.0062786453411743616	0.05853467993335885	0.0004606200781673653	0.0007787243461129563	0.0068224170452873	1.0150808681985366	0.0	0.0	0.0	0.0	0.0	0.0006210845851639877	0.0011786676624454396	0.0	0.0	0.0	0.000570818209021337	0.0
Cycle_153	0.12421148433838008	1.1895825893100051e-05	7.201159790125285e-05	0.007573247403966437	0.006201413821491764	0.05966829265842197	0.00042394938722580536	0.0008413647805935367	0.007136654714852238	1.0150825612875156	0.0	0.0	0.0	0.0	0.0	0.0006028197023228651	0.0011360770549108097	0.0	0.0	0.0	0.0005799260038541203	0.0
Cycle_154	0.12013897517498112	1.1618473671914323e-05	5.1398788460666844e-05	0.007519613875303626	0.006021245998703043	0.05994049681018206	0.0004068963417580794	0.0008660534576411911	0.007319696407236281	1.0150521439801836	0.0	0.0	0.0	0.0	0.0	0.0005825294727052416	0.0010882023061961205	0.0	0.0	0.0	0.0005704916468206316	0.0
Cycle_155	0.1173088309235755	1.1841173297772248e-05	2.6211362344189833e-05	0.00749609093001197	0.005901237773595934	0.060466053892239156	0.0003868927686987697	0.0008697951587023202	0.00750314307527854	1.015122141160918	0.0	0.0	0.0	0.0	0.0	0.0005789369591234861	0.0010470678491043234	0.0	0.0	0.0	0.0005834174387357812	0.0
Cycle_156	0.11137906764874485	1.1683732805813174e-05	0.0	0.00739627997794259	0.005703434661099197	0.060597702986979585	0.00035345900029979397	0.0009072303924365766	0.007702606785700053	1.015104138539974	0.0	0.0	0.0	0.0	0.0	0.0005563013115839616	0.0010060238608641042	0.0	0.0	0.0	0.0005673680507046714	0.0
Cycle_157	0.10776050393051492	1.1692913240572897e-05	0.0	0.00734543912804047	0.0055397271320174095	0.06071950800194686	0.0003456038447462984	0.0009219401720812592	0.007897797084095043	1.0150738667570016	0.0	0.0	0.0	0.0	0.0	0.0005305363088753674	0.000957065557059539	0.0	0.0	0.0	0.0005745290182887026	0.0
Cycle_158	0.10258723961224461	1.1761079645252361e-05	0.0	0.007324267385980208	0.005361494862394399	0.061079441484032056	0.0003529605952945308	0.0009264749013794785	0.008018778804989033	1.0151421344344966	0.0	0.0	0.0	0.0	0.0	0.0005218364950764546	0.0009189932586697032	0.0	0.0	0.0	0.0005601170311349973	0.0
Cycle_159	0.0990484394922423	1.2247701314490918e-05	0.0	0.007247971066437919	0.005260663224569019	0.06150631312045085	0.0003287840878518692	0.0009548642818732019	0.008200929383565385	1.0150974328597335	0.0	0.0	0.0	0.0	0.0	0.0005128393411230165	0.000880694138682605	0.0	0.0	0.0	0.0005601403481253383	0.0
Cycle_160	0.08991481247221172	1.1173094303830435e-05	0.0	0.00721588703282466	0.005071500460407278	0.06122422033254656	0.0003213433332834232	0.0009518983599689219	0.008327651635261347	1.0151150997136127	0.0	0.0	0.0	0.0	0.0	0.0005032965363381624	0.000842682830726043	0.0	0.0	0.0	0.0005617415652249372	0.0
Cycle_161	0.08417668896762007	1.212245641277741e-05	0.0	0.007158769892877161	0.004879304032978712	0.06094971219093689	0.000317531630224226	0.0009348421869067957	0.00838819009580539	1.015077069304179	0.0	0.0	0.0	0.0	0.0	0.0004931464083804898	0.0007931245918011776	0.0	0.0	0.0	0.0005584204461440461	0.0
Cycle_162	0.0817051678245099	1.0900437536104023e-05	0.0	0.0071122472686843225	0.004782727102955259	0.061383455144999995	0.00027526965983306804	0.0009762311364026053	0.008577924343012557	1.0151009553420287	0.0	0.0	0.0	0.0	0.0	0.0004769997932865555	0.0007806159087410473	0.0	0.0	0.0	0.0005604121070821517	0.0
Cycle_163	0.0791060220677495	1.2203591557386646e-05	0.0	0.007047684917328893	0.004635452950747139	0.06147882674311581	0.00027759757129918654	0.0009717661074537885	0.008676314142844158	1.0151191786502516	0.0	0.0	0.0	0.0	0.0	0.0004650924042883698	0.0007421001302255455	0.0	0.0	0.0	0.0005567369143289851	0.0
Cycle_164	0.07790836680652129	1.1844971435046613e-05	0.0	0.0070838506125123196	0.004466470170455356	0.06142862600825921	0.0002748055973789871	0.0009410421221469434	0.008801180936836123	1.0156399292120875	0.0	0.0	0.0	0.0	0.0	0.0004772584956646325	0.0007034950772239508	0.0	0.0	0.0	0.0005391801500237517	0.0
Cycle_165	0.0735470744281703	1.1582753023349243e-05	0.0	0.006836902741412051	0.004219486105898208	0.06028051739930647	0.00022852033203930153	0.0009224318022474569	0.008777455205630537	1.015117701236331	0.0	0.0	0.0	0.0	0.0	0.0004471472841618825	0.000664714416030572	0.0	0.0	0.0	0.0005715848968916323	0.0
Cycle_166	0.0712275909191641	1.0775488283922118e-05	0.0	0.006766268454273338	0.004084708960856694	0.060711815472688335	0.00022585629135655246	0.0009540133797689217	0.008968401317801746	1.0149942443841868	0.0	0.0	0.0	0.0	0.0	0.00042523546179527947	0.0006405726503593621	0.0	0.0	0.0	0.0005753132430887009	0.0
Cycle_167	0.06837709394395511	1.0692785248367307e-05	0.0	0.006670371907216748	0.0038990209940620952	0.059934571767514974	0.0001953867365015371	0.0009413739622676313	0.008958851777842652	1.0148178530990488	0.0	0.0	0.0	0.0	0.0	0.00042199807764875655	0.0006088412757776212	0.0	0.0	0.0	0.0005776774572584204	0.0
Cycle_168	0.06525050747212595	1.0139013374330662e-05	0.0	0.006554672660844882	0.003760706808758809	0.0595692812896013	0.00016100007603591632	0.0009528418227332015	0.009029742504132375	1.0145382449574283	0.0	0.0	0.0	0.0	0.0	0.00040228234993903766	0.0005789761792770863	0.0	0.0	0.0	0.0005915736534382308	0.0
Cycle_169	0.0636018194913982	1.0856691412902959e-05	0.0	0.006503365185804453	0.003697191988667259	0.059749671383134424	0.00016566454714287012	0.0009607112762372663	0.009061956055822508	1.014519789702612	0.0	0.0	0.0	0.0	0.0	0.00039243279893282697	0.0005656720732691962	0.0	0.0	0.0	0.0005745580284103831	0.0
Cycle_170	0.06913639727625484	1.1580981869996584e-05	0.0	0.007142000040051947	0.0031996641119401903	0.13355586163306443	0.0006683369640571328	0.0019996902629318973	0.02123199058124257	1.0164938223258464	0.0	0.0	0.0	0.0	0.0	0.0	0.0004819521709042011	0.0	0.0	0.0	0.00047758087200232426	0.0
Cycle_171	0.06111087511422703	1.3655484183703114e-05	0.0	0.009937343580699143	0.002641423864756674	0.22130025944639214	0.0009957847168483055	0.003948530816888229	0.03857885190519279	1.0167793172645585	0.0	0.0	0.0	0.0	0.0	0.0	0.0003021983607566873	0.0	0.0	0.0	0.00041956981454169197	0.0
Cycle_172	0.060072081219991594	1.7168739499848203e-05	0.0	0.012516104441239803	0.0014782627749374492	0.3766502719707501	0.0017453412513308028	0.006726540979079757	0.06849743666301322	1.0153734985635643	0.0	0.0	0.0	0.0	0.0	0.0	3.369144038749786e-05	0.0	0.0	0.0	0.00033403689998695325	0.0
Cycle_173	0.055927754260854924	1.7794697418569984e-05	0.0	0.014981306547547708	0.0006172068974548113	0.492239484565096	0.00227398946058967	0.008752987974399015	0.09121403852502254	1.0141271032432178	0.0	0.0	0.0	0.0	0.0	0.0	0.0	0.0	0.0	0.0	0.0002688121497888188	0.0
Cycle_174	0.05428310928990763	2.1114466348727052e-05	0.0	0.018030217002583167	0.0	0.644230999143446	0.002702303965224806	0.011256729896415525	0.12171958740510085	1.0144215104009244	0.0	0.0	0.0	0.0	0.0	0.0	0.0	0.0	0.0	0.0	0.00015134778342632688	0.0
Cycle_175	0.05159232449111762	2.2652464269209028e-05	0.0	0.021259856466054206	0.0	0.8179830314421253	0.0022553520064682374	0.014468637933440817	0.15594913002792737	1.0097987145513716	0.0	0.0	0.0	0.0	0.0	0.0	0.0	0.0	0.0	0.0	0.0003136800969640925	0.0
Cycle_176	0.04873324932510369	3.079311590374472e-05	0.0	0.024530253403103105	0.0	0.9777075799175036	0.001909381828014269	0.017442867303740714	0.18792627784831661	1.0092049610079992	0.0	0.0	0.0	0.0	0.0	0.0	0.0	0.0	0.0	0.0	0.0003502344377719325	0.0
Cycle_177	0.0400277434425765	2.3678613362588987e-05	0.0	0.023681091473575326	0.0	0.9781697665563508	0.0013109569773951811	0.01759160260207652	0.1891630921880614	0.8504660324648765	0.0	0.0	0.0	0.0	0.0	0.0	0.0	0.0	0.0	0.0	0.0002953668644982985	0.0
Cycle_178	0.032955326606881226	2.4497753775779376e-05	0.0	0.02317431190958448	0.0	0.9785811114422923	0.0008223174329880452	0.01767316029760906	0.19039069083948681	0.7191037710537185	0.0	0.0	0.0	0.0	0.0	0.0	0.0	0.0	0.0	0.0	0.00026897244654612205	0.0
Cycle_179	0.027490125637146635	2.403521984644989e-05	0.0	0.022889824877994923	0.0	0.9783542490677248	0.00034127302628240156	0.018307441912423415	0.21563487404094403	0.6218963680706405	0.0	0.0	0.0	0.0	0.0	0.0	0.0	0.0	0.0	0.0	0.0002205004494215896	0.0
Cycle_180	0.023452689858727293	2.274408304724247e-05	0.0	0.02279708675244033	0.0	0.9786230139247528	3.205259479300429e-05	0.018358403181803734	0.2148115880268934	0.5421072952461092	0.0	0.0	0.0	0.0	0.0	0.0	0.0	0.0	0.0	0.0	0.00020437110449822335	0.0
Cycle_181	0.019857296258543624	2.2278456877146524e-05	0.0	0.022797892276781303	0.0	0.9787911097492279	0.0	0.018240724328459218	0.2144408226119338	0.4855238868129466	0.0	0.0	0.0	0.0	0.0	0.0	0.0	0.0	0.0	0.0	0.00016560092738940373	0.0
Cycle_182	0.017236987549422537	2.119880720298008e-05	0.0	0.022809230798734866	0.0	0.9789467599679548	0.0	0.01809685213920129	0.21453417100282499	0.4458589971474025	0.0	0.0	0.0	0.0	0.0	0.0	0.0	0.0	0.0	0.0	0.00013532463036522612	0.0
Cycle_183	0.015262281625637922	2.3310560202286956e-05	0.0	0.02289859157629782	0.0	0.9790518899693715	0.0	0.018001707502044925	0.21417311848868203	0.41219359538272426	0.0	0.0	0.0	3.6096428823909985e-06	0.0	0.0	0.0	0.0	0.0	0.0	0.00010987328223870369	0.0
Cycle_184	0.013515935940843408	2.0711373430051654e-05	0.0	0.022860769242745365	0.0	0.979154381184413	0.0	0.017921722659514583	0.21427442345531988	0.38248074528250364	0.0	0.0	0.0	3.213656156088402e-05	0.0	0.0	0.0	0.0	0.0	0.0	4.7082582333144366e-05	0.0
Cycle_185	0.012149287561676282	2.0380498330925432e-05	0.0	0.022804337997889754	0.0	0.9792665501038386	0.0	0.01782141490914052	0.2143748160324692	0.3559592892981867	0.0	0.0	0.0	5.381577657060771e-05	0.0	0.0	0.0	0.0	0.0	0.0	1.2149919581564098e-05	0.0
Cycle_186	0.010987308322652139	2.135620211530074e-05	0.0	0.02276120641896242	0.0	0.9793975130778967	0.0	0.017695746427952463	0.214080740619402	0.3279036774018744	0.0	0.0	0.0	6.507921169257381e-05	0.0	0.0	0.0	0.0	0.0	0.0	0.0	0.0
Cycle_187	0.009805072616831901	2.10993612669948e-05	0.0	0.022895932112880303	0.0	0.9795099827870304	0.0	0.017583550537668535	0.21412848311623534	0.30208029158691124	0.0	0.0	0.0	7.463077427923636e-05	0.0	0.0	0.0	0.0	0.0	0.0	0.0	0.0
Cycle_188	0.00873260026600999	2.1539314397934975e-05	0.0	0.022913079750586457	0.0	0.979587095659059	0.0	0.017505354489968004	0.21425059647412908	0.28005812572385913	0.0	0.0	0.0	8.10135895598112e-05	0.0	0.0	0.0	0.0	0.0	0.0	0.0	0.0
Cycle_189	0.007822380578327357	1.8849993746914468e-05	0.0	0.023014057138377713	0.0	0.9796476060077263	0.0	0.01744600817629785	0.21436186044140326	0.2598575514430982	0.0	7.521575066241195e-05	0.0	5.7277924248986305e-05	0.0	0.0	0.0	0.0	0.0	0.0	0.0	0.0
Cycle_190	0.006955340514889304	1.8496053203318437e-05	0.0	0.023124719765766855	0.0	0.9797242664368596	0.0	0.017370510769721573	0.2145298317847759	0.24294594990298485	0.0	0.0001979916037999356	0.0	1.9894868500863647e-05	0.0	0.0	0.0	0.0	0.0	0.0	0.0	0.0
Cycle_191	0.006280161583518008	1.9132983655459927e-05	0.0	0.023251241249906664	0.0	0.9797852374621424	0.0	0.017308331426277527	0.21467537225769248	0.2277066630095504	0.0	0.0002784981670111949	0.0	0.0	0.0	0.0	0.0	0.0	0.0	0.0	0.0	0.0
Cycle_192	0.005637843262187517	1.934811498396779e-05	0.0	0.0233723170144267	0.0	0.9798474269539856	0.0	0.017246556392944454	0.21466023902145726	0.2147843877111188	0.0	0.0003374695418110404	0.0	0.0	0.0	0.0	0.0	0.0	0.0	0.0	0.0	0.0
Cycle_193	0.0051242362879826645	1.938447026184142e-05	0.0	0.023465182797102194	0.0	0.9798688142736336	0.0	0.017225408863176125	0.21483570058166088	0.2033795753867782	0.0	0.00039767390083517986	0.0	0.0	0.0	0.0	0.0	0.0	0.0	0.0	0.0	0.0
Cycle_194	0.004661840469287914	1.854087717254453e-05	0.0	0.023636998309106493	0.0	0.9799448612174161	0.0	0.01715085926039018	0.21474372618543303	0.19280295999322086	0.0	0.00046226405924529237	0.0	0.0	0.0	0.0	0.0	0.0	0.0	0.0	0.0	0.0
Cycle_195	0.004250029985962628	2.0648431853333902e-05	0.0	0.023675679609808924	0.0	0.979982463851157	0.0	0.017112060914315302	0.2148717686199947	0.18340426073704674	0.0	0.000496465396248868	0.0	0.0	0.0	0.0	0.0	0.0	0.0	0.0	0.0	0.0
Cycle_196	0.0038873624489820964	1.9828294597872654e-05	0.0	0.023880167669004287	0.0	0.9800322233409383	0.0	0.01706258657272128	0.215084415264695	0.17591768955399578	0.0	0.0005506799098100915	0.0	0.0	0.0	0.0	0.0	0.0	0.0	0.0	0.0	0.0
Cycle_197	0.00031227874904333136	2.0930415111534452e-05	0.0	0.033362140175394704	0.0	0.9808135200641654	0.0	0.016297969693042962	0.2137228075079623	0.0063838001083809754	0.0	0.0011008358567490965	0.0	0.0	0.0	0.0	0.0	0.0	0.0	0.0	0.0	0.0
Cycle_198	0.00020888928874325882	2.0595336616113288e-05	0.0	0.03379664985364976	0.0	0.9808660380819142	0.0	0.01624218247756516	0.2141571390273961	0.006417738192810385	0.0	0.0011023961621855402	0.0	0.0	0.0	0.0	0.0	0.0	0.0	0.0	0.0	0.0
Cycle_199	0.00020215768098408535	1.855069645007985e-05	0.0	0.02724271588934856	0.0	0.9805715959473805	0.0	0.016535081993817785	0.21422811199575958	0.00872998613334994	0.0	0.0010946952618304244	0.0	0.0	0.0	0.0	0.0	0.0	0.0	0.0	0.0	0.0
Cycle_200	0.0001906716345086217	2.0050943141915514e-05	0.0	0.03299078225122187	0.0	0.9808275641243642	0.0	0.016280838445075555	0.2143645050011002	0.006371310026721543	0.0	0.0011018953040971278	0.0	0.0	0.0	0.0	0.0	0.0	0.0	0.0	0.0	0.0
Cycle_201	0.00019773452388579258	2.1141879613839845e-05	0.0	0.03383212412910242	0.0	0.9809113333390201	0.0	0.01619582227187305	0.21451883053465137	0.00635882233021089	0.0	0.0010917077677697886	0.0	0.0	0.0	0.0	0.0	0.0	0.0	0.0	0.0	0.0
Cycle_202	0.0001911742987169755	1.9009710376677587e-05	0.0	0.0334124122476954	0.0	0.9809042085495722	0.0	0.016201904966395873	0.21482021005857918	0.006458029187662261	0.0	0.0010969289588098495	0.0	0.0	0.0	0.0	0.0	0.0	0.0	0.0	0.0	0.0
Cycle_203	0.0001949854516699917	1.859770819004095e-05	0.0	0.03301918243442204	0.0	0.9809003920127016	0.0	0.016204355023341683	0.21488855285066488	0.006423700062137864	0.0	0.0010986529776418237	0.0	0.0	0.0	0.0	0.0	0.0	0.0	0.0	0.0	0.0
Cycle_204	0.0001920900320924171	1.8241059649704488e-05	0.0	0.03295847095995507	0.0	0.9809316689792635	0.0	0.016173104040806265	0.21487619056972804	0.006434881393686536	0.0	0.0010961186585297777	0.0	0.0	0.0	0.0	0.0	0.0	0.0	0.0	0.0	0.0
Cycle_205	0.0001862124157847127	1.86640846788677e-05	0.0	0.03280870616075671	0.0	0.9809920650298324	0.0	0.016108149033622086	0.21515888594335247	0.006418528406870304	0.0	0.0010680527446646616	0.0	0.0	0.0	0.0	0.0	0.0	0.0	0.0	0.0	0.0
Cycle_206	0.00018797230741289823	2.1115209928992355e-05	0.0	0.03400510432188297	0.0	0.9809613637179805	0.0	0.016142610664522498	0.21491957443080736	0.006401990088292417	0.0	0.001089079149171428	0.0	0.0	0.0	0.0	0.0	0.0	0.0	0.0	0.0	0.0
Cycle_207	0.00020000316562701626	1.9607768257989486e-05	0.0	0.03373251964935941	0.0	0.9809385007052619	0.0	0.0161646029771784	0.21489146662335612	0.006438644111998451	0.0	0.0010913153875058545	0.0	0.0	0.0	0.0	0.0	0.0	0.0	0.0	0.0	0.0
Cycle_208	0.0001895946613486848	2.0116407797867975e-05	0.0	0.03380321925717185	0.0	0.9809351459867782	0.0	0.01616996998155576	0.21485162224275323	0.006391854620107455	0.0	0.001093000437055729	0.0	0.0	0.0	0.0	0.0	0.0	0.0	0.0	0.0	0.0
Cycle_209	0.00018226205790241608	2.0660677069729664e-05	0.0	0.03378981946292835	0.0	0.980942727478129	0.0	0.0161608857827726	0.21503231830422204	0.006459625351666441	0.0	0.0010886503789547045	0.0	0.0	0.0	0.0	0.0	0.0	0.0	0.0	0.0	0.0
Cycle_210	0.00018606976241302193	2.1971899863137178e-05	0.0	0.03390179416242012	0.0	0.9809559121512055	0.0	0.016148621392199258	0.21497884372296142	0.0064215806776547184	0.0	0.0010902392975422955	0.0	0.0	0.0	0.0	0.0	0.0	0.0	0.0	0.0	0.0
Cycle_211	0.00018566712590842394	1.94737064736893e-05	0.0	0.033810692267302926	0.0	0.9809457974661769	0.0	0.016158087433824898	0.21491754961434995	0.006369467606364091	0.0	0.0010915765085847376	0.0	0.0	0.0	0.0	0.0	0.0	0.0	0.0	0.0	0.0
Cycle_212	0.00018008463139676346	2.0813509104621645e-05	0.0	0.03386396156371098	0.0	0.9809368155855662	0.0	0.016166906264278635	0.2149504314877584	0.00638772681513954	0.0	0.0010954679522463698	0.0	0.0	0.0	0.0	0.0	0.0	0.0	0.0	0.0	0.0
Cycle_213	0.00018215204340859328	1.9794941356536365e-05	0.0	0.03384874509842429	0.0	0.9809187726774158	0.0	0.016185367106196735	0.21514661640706714	0.006402908824064581	0.0	0.001094504312951437	0.0	0.0	0.0	0.0	0.0	0.0	0.0	0.0	0.0	0.0
Cycle_214	0.00018041873084349063	1.9158646931802265e-05	0.0	0.033915729623651705	0.0	0.9808816448805056	0.0	0.016220985606269302	0.21526468690442274	0.006374423257364063	0.0	0.001098494845760533	0.0	0.0	0.0	0.0	0.0	0.0	0.0	0.0	0.0	0.0
Cycle_215	0.00018208311979178357	2.006881301427053e-05	0.0	0.03374627259398833	0.0	0.9809140334227637	0.0	0.016189398163250997	0.21512533631489392	0.006381604460707611	0.0	0.0010983141221438432	0.0	0.0	0.0	0.0	0.0	0.0	0.0	0.0	0.0	0.0
Cycle_216	0.0001770810198714289	1.818703651603755e-05	0.0	0.03370908425634185	0.0	0.9809158879576279	0.0	0.016186858239973196	0.21540903527375913	0.006395920573762124	0.0	0.0010976441519736022	0.0	0.0	0.0	0.0	0.0	0.0	0.0	0.0	0.0	0.0
Cycle_217	0.00017914140663138754	2.018871786923839e-05	0.0	0.03370993902905419	0.0	0.9808999850715101	0.0	0.016202765471431367	0.21550370331746746	0.006441965074126834	0.0	0.0011020180792104064	0.0	0.0	0.0	0.0	0.0	0.0	0.0	0.0	0.0	0.0
Cycle_218	0.00017539451990793907	1.9096316847511788e-05	0.0	0.03371141584946911	0.0	0.9808993012698538	0.0	0.016203515326528976	0.21565359852002425	0.006418658791015157	0.0	0.0011027092818267283	0.0	0.0	0.0	0.0	0.0	0.0	0.0	0.0	0.0	0.0
Cycle_219	0.00018237136774026968	2.2305126144276056e-05	0.0	0.03360983295979534	0.0	0.9809012505587277	0.0	0.016201550086258964	0.2154343163684422	0.006401912520308531	0.0	0.0010994876937300297	0.0	0.0	0.0	0.0	0.0	0.0	0.0	0.0	0.0	0.0
Cycle_220	0.00018080603195534176	1.8659079495280342e-05	0.0	0.03362941752463267	0.0	0.9809257789511742	0.0	0.01617681455760141	0.21545315644148733	0.006348448909197956	0.0	0.001102245835920363	0.0	0.0	0.0	0.0	0.0	0.0	0.0	0.0	0.0	0.0
Cycle_221	0.00019102642119945502	2.0089003733098656e-05	0.0	0.03352939789843144	0.0	0.9808904255159304	0.0	0.01621210314708823	0.21558714197387363	0.006364916207108734	0.0	0.0011006685103303348	0.0	0.0	0.0	0.0	0.0	0.0	0.0	0.0	0.0	0.0
Cycle_222	0.00017843182773506473	1.8465324613948094e-05	0.0	0.03353469636386848	0.0	0.9808983888062835	0.0	0.016203726004479353	0.2157216266864059	0.006368559030269602	0.0	0.0010994762206623407	0.0	0.0	0.0	0.0	0.0	0.0	0.0	0.0	0.0	0.0
Cycle_223	0.00018280244967902327	1.8838535197212745e-05	0.0	0.033566671318724	0.0	0.9808873699370069	0.0	0.016214262222406618	0.2158632622402174	0.006381340293701996	0.0	0.0011041555790184893	0.0	0.0	0.0	0.0	0.0	0.0	0.0	0.0	0.0	0.0
Cycle_224	0.00017976595352630544	1.9119834506436963e-05	0.0	0.03347308296573365	0.0	0.9809083171046988	0.0	0.01619250417215945	0.21569323732823575	0.006370587145111221	0.0	0.001104984698270708	0.0	0.0	0.0	0.0	0.0	0.0	0.0	0.0	0.0	0.0
Cycle_225	0.00018202554136798697	1.8192812123574256e-05	0.0	0.03340474574840994	0.0	0.9808580029800691	0.0	0.016243414818128247	0.21595659401812972	0.0064355664748369295	0.0	0.001105973878648241	0.0	0.0	0.0	0.0	0.0	0.0	0.0	0.0	0.0	0.0
Cycle_226	0.00017758182448700266	1.9103127622719745e-05	0.0	0.03346078388582323	0.0	0.9808512549908167	0.0	0.016247793005878766	0.21639051310641008	0.006382720794212993	0.0	0.0011018866358020799	0.0	0.0	0.0	0.0	0.0	0.0	0.0	0.0	0.0	0.0
Cycle_227	0.0001779363255316445	1.8526668758963878e-05	0.0	0.03344931405521111	0.0	0.9808589951419405	0.0	0.016240695827083665	0.21609692938523314	0.006380044240097939	0.0	0.0011043388563154594	0.0	0.0	0.0	0.0	0.0	0.0	0.0	0.0	0.0	0.0
Cycle_228	0.00017901807733194288	1.9095081315577203e-05	0.0	0.03339267650749998	0.0	0.9808830104924617	0.0	0.01621575965251762	0.21627260510924987	0.006396185631614941	0.0	0.0011027209121554722	0.0	0.0	0.0	0.0	0.0	0.0	0.0	0.0	0.0	0.0
