Molecule	Hydrogen	Deuterium	Methane	Water	Acetylene	Carbon monoxide	Ethylene	Ethane	Oxygen	Argon	Cyclopropene	Allene	Propyne	Propene	Carbon dioxide	Propane	Ethanol	1,3-Butadiyne	1-Buten-3-yne	1,3-Butadiene	1-Butyne	2-Butyne
Cycle_1	0.00039318834935176376	3.4751456455649e-06	0.0	0.0037533442754029587	0.0	0.018917271037949112	0.0	0.0008251000644344603	0.003787151887660224	1.0100361035950387	0.0	0.0	0.0	0.0	0.0	2.0848980017575373e-05	0.0	0.0	0.0	0.0	0.00022266480723846872	0.0
Cycle_2	0.0004061086943239044	3.5225035264178757e-06	0.0	0.003803396215880337	0.0	0.018416869035542082	0.0	0.0007625833975480271	0.0036818215487662955	1.0103794755545323	0.0	0.0	0.0	0.0	0.0	4.682355643069782e-05	0.0	0.0	0.0	0.0	0.00022233727803809404	0.0
Cycle_3	0.0003945937473171668	3.478224507131362e-06	0.0	0.0037657114760492128	0.0	0.017911712776525045	0.0	0.0007129843652173246	0.003585979447241783	1.0104174605172258	0.0	0.0	0.0	0.0	0.0	6.149802858321814e-05	0.0	0.0	0.0	0.0	0.00022775542938044592	0.0
Cycle_4	0.0003975347284484494	3.7090986784350614e-06	0.0	0.0037518070871906807	0.0	0.01767180156557717	0.0	0.0006853844512647729	0.0035337196452335192	1.0103814895579248	0.0	0.0	0.0	0.0	0.0	7.202567958950524e-05	0.0	0.0	0.0	0.0	0.00023450397597699933	0.0
Cycle_5	0.0004031293289590203	3.411623132295584e-06	0.0	0.0037480004614110817	0.0	0.017506135082691963	0.0	0.0006751661242553781	0.003503993907099422	1.0104383605586402	0.0	0.0	0.0	0.0	0.0	7.391606665159981e-05	0.0	0.0	0.0	0.0	0.00023399955159569916	0.0
Cycle_6	0.00039509266067759704	3.44276299855238e-06	0.0	0.003757416936680362	0.0	0.01747898917142334	0.0	0.0006810963204700602	0.0034817527756287455	1.0104623487206719	0.0	0.0	0.0	0.0	0.0	7.134068386407909e-05	0.0	0.0	0.0	0.0	0.00023006788549747936	0.0
Cycle_7	0.0004026911247533547	2.6746379293261573e-06	0.0	0.003751947066254641	0.0	0.01731455224672138	0.0	0.0006647013961463521	0.0034644909791923103	1.0104450004695735	0.0	0.0	0.0	0.0	0.0	7.849787529790197e-05	0.0	0.0	0.0	0.0	0.00023147360978681918	0.0
Cycle_8	0.00039672298971992777	3.487011219244652e-06	0.0	0.0037371807806586828	0.0	0.017097433515413193	0.0	0.0006343634497576448	0.003417456427311638	1.0104581210878512	0.0	0.0	0.0	0.0	0.0	8.362128193187686e-05	0.0	0.0	0.0	0.0	0.00024610725710382827	0.0
Cycle_9	0.0004023115864892569	4.278968008644083e-06	0.0	0.003710274981490665	0.0	0.01681783783081159	0.0	0.0006015424463720172	0.003362524034768431	1.0104955469135108	0.0	0.0	0.0	0.0	0.0	9.332523329884702e-05	0.0	0.0	0.0	0.0	0.0002439353374750166	0.0
Cycle_10	0.0004020244173615788	3.3075177880215255e-06	0.0	0.003703451278878491	0.0	0.016613645954014045	0.0	0.0006017019013972641	0.003313793717377807	1.0104978528185196	0.0	0.0	0.0	0.0	0.0	9.490699641793302e-05	0.0	0.0	0.0	0.0	0.0002378303359671297	0.0
Cycle_11	0.0003972922075295271	3.014374278719422e-06	0.0	0.0037004390271351394	0.0	0.016780542153871217	0.0	0.000615224474446577	0.0033723052447310817	1.010536221787609	0.0	0.0	0.0	0.0	0.0	9.174186003925867e-05	0.0	0.0	0.0	0.0	0.00024208138746447335	0.0
Cycle_12	0.00040273296606661065	3.906963054120364e-06	0.0	0.0037011990380449275	0.0	0.016911702847682987	0.0	0.0006207542065120469	0.0033880051402170237	1.0105223767444145	0.0	0.0	0.0	0.0	0.0	9.044640195449926e-05	0.0	0.0	0.0	0.0	0.00023900521816325955	0.0
Cycle_13	0.00040230060188522386	3.781384423495054e-06	0.0	0.0037081811019373766	0.0	0.016778647374987538	0.0	0.0006016978134284235	0.0033605097152216335	1.0105310629884796	0.0	0.0	0.0	0.0	0.0	9.544670304797133e-05	0.0	0.0	0.0	0.0	0.0002460426330776311	0.0
Cycle_14	0.00039755862462993307	3.5949721344255775e-06	0.0	0.003685200130108748	0.0	0.0166509225684661	0.0	0.0005892128669526749	0.0033165087862576277	1.0105320806719182	0.0	0.0	0.0	0.0	0.0	9.532809205909458e-05	0.0	0.0	0.0	0.0	0.0002467992414818831	0.0
Cycle_15	0.00039900461316442397	3.534384378182302e-06	0.0	0.003665724097714902	0.0	0.016525476120630735	0.0	0.0005867068372271418	0.003297532105228412	1.010510478561535	0.0	0.0	0.0	0.0	0.0	9.841745487765939e-05	0.0	0.0	0.0	0.0	0.0002493259111561366	0.0
Cycle_16	0.0004033814788023487	3.509616970590458e-06	0.0	0.0036435272414990574	0.0	0.016515961179668852	0.0	0.0005662349521313125	0.0032940844226964404	1.010555342008401	0.0	0.0	0.0	0.0	0.0	0.00010372334039012391	0.0	0.0	0.0	0.0	0.00024867101293288215	0.0
Cycle_17	0.0004025682446539095	3.49422136275597e-06	0.0	0.003641911212880239	0.0	0.01647196847461929	0.0	0.0005801776695237918	0.0032938218323621585	1.0105819150097197	0.0	0.0	0.0	0.0	0.0	0.00010223250526870676	0.0	0.0	0.0	0.0	0.00024207905491833997	0.0
Cycle_18	0.0004043576380114506	3.195268006176929e-06	0.0	0.0036434980500880928	0.0	0.01652208392062427	0.0	0.000577124952960991	0.0032987165079455282	1.0105786315449157	0.0	0.0	0.0	0.0	0.0	0.00010216522879212238	0.0	0.0	0.0	0.0	0.0002454872733096201	0.0
Cycle_19	0.0004051210856765579	3.760836382497119e-06	0.0	0.0036277965082473	0.0	0.016566787458608966	0.0	0.00058035555302231	0.0033032261649903	1.0105710647436634	0.0	0.0	0.0	0.0	0.0	0.00010337941855204245	0.0	0.0	0.0	0.0	0.00024303823177380837	0.0
Cycle_20	0.00040678168958416933	3.717441443364751e-06	0.0	0.0036306693543350955	0.0	0.016646184275583953	0.0	0.0005848280845230501	0.0033314769210417115	1.0106042324100457	0.0	0.0	0.0	0.0	0.0	0.00010097305197227688	0.0	0.0	0.0	0.0	0.0002446108805434226	0.0
Cycle_21	0.0004062492647858259	3.0173899542727724e-06	0.0	0.003614104325470975	0.0	0.01672184732031386	0.0	0.0005964499125536334	0.0033558079769562123	1.0106178204497467	0.0	0.0	0.0	0.0	0.0	9.938297282646049e-05	0.0	0.0	0.0	0.0	0.0002460738778991802	0.0
Cycle_22	0.0004048700836246661	3.606067164984585e-06	0.0	0.003621295285045604	0.0	0.01673335124300801	0.0	0.000591553957986712	0.003331555692327915	1.0105975350662677	0.0	0.0	0.0	0.0	0.0	9.883744470681322e-05	0.0	0.0	0.0	0.0	0.000246612316961066	0.0
Cycle_23	0.0004028571425190792	3.8103959928084555e-06	0.0	0.0035990739129522086	0.0	0.016746358408311835	0.0	0.0005892022677282808	0.0033314576866452484	1.0106323814821314	0.0	0.0	0.0	0.0	0.0	0.00010118742409087306	0.0	0.0	0.0	0.0	0.0002463853363447067	0.0
Cycle_24	0.000402849150109933	3.8091852960879524e-06	0.0	0.003612273951560245	0.0	0.016830090209471665	0.0	0.0006057393036183556	0.0033518085636083236	1.0106373369880417	0.0	0.0	0.0	0.0	0.0	9.57884688886757e-05	0.0	0.0	0.0	0.0	0.0002446178667217838	0.0
Cycle_25	0.00040541458846297626	3.3841511260791464e-06	0.0	0.0036010470332788584	0.0	0.016817960117562796	0.0	0.0005956985192448264	0.0033485999126600867	1.0106206745816462	0.0	0.0	0.0	0.0	0.0	0.00010007749526071949	0.0	0.0	0.0	0.0	0.0002483863699753751	0.0
Cycle_26	0.0004091109691032324	3.2949452046722753e-06	0.0	0.0035877951765540305	0.0	0.016807448582274575	0.0	0.0005987188984383848	0.0033660792621856895	1.0106458801009768	0.0	0.0	0.0	0.0	0.0	0.00010045651157676834	0.0	0.0	0.0	0.0	0.00024309718035622405	0.0
Cycle_27	0.00040971158280120876	3.787682689264274e-06	0.0	0.0035863838402449403	0.0	0.016953269168644553	0.0	0.0006122023328155732	0.0033741265627501085	1.0106169294660698	0.0	0.0	0.0	0.0	0.0	9.27003268531079e-05	0.0	0.0	0.0	0.0	0.0002454861089250912	0.0
Cycle_28	0.0004132655504960163	3.555182338810638e-06	0.0	0.003588667318075788	0.0	0.01702572722294058	0.0	0.0006099149478044115	0.0034034764224287538	1.0106628002327738	0.0	0.0	0.0	0.0	0.0	9.480586261594485e-05	0.0	0.0	0.0	0.0	0.00024457094024102935	0.0
Cycle_29	0.00040974930710583035	3.3537718457351596e-06	0.0	0.00358671282293328	0.0	0.017015325185151555	0.0	0.0006047377187325356	0.0033998644291652973	1.0106499930828845	0.0	0.0	0.0	0.0	0.0	9.40386962213783e-05	0.0	0.0	0.0	0.0	0.0002491086333722134	0.0
Cycle_30	0.00040789548666337157	3.535996097023264e-06	0.0	0.003584845430046918	0.0	0.017052636371306145	0.0	0.000619043171501072	0.003405787527355615	1.0106733422721048	0.0	0.0	0.0	0.0	0.0	9.572130557245269e-05	0.0	0.0	0.0	0.0	0.00024960276543056537	0.0
Cycle_31	0.0004111968016155244	3.7219861291231705e-06	0.0	0.003589581481108714	0.0	0.01725044754547691	0.0	0.0006272754100599514	0.0034340106984331814	1.010666078093773	0.0	0.0	0.0	0.0	0.0	9.190853432899968e-05	0.0	0.0	0.0	0.0	0.00024517944061530167	0.0
Cycle_32	0.00041117898283026606	3.552016899090345e-06	0.0	0.0035906775073036284	0.0	0.01727048113581912	0.0	0.000640863547358735	0.003456264051442824	1.0107011591235546	0.0	0.0	0.0	0.0	0.0	8.77851925705209e-05	0.0	0.0	0.0	0.0	0.00023679735733942255	0.0
Cycle_33	0.00041155559933919066	3.5505870491707816e-06	0.0	0.0035833132484861053	0.0	0.017387750433913704	0.0	0.0006359016863989473	0.003475959180875089	1.0106574618650506	0.0	0.0	0.0	0.0	0.0	8.733604841020063e-05	0.0	0.0	0.0	0.0	0.00024245774158193384	0.0
Cycle_34	0.00040161961983179665	4.046747749284862e-06	0.0	0.003584416245969862	0.0	0.017415524445995503	0.0	0.0006394640310371796	0.003480091465868081	1.0106466869909276	0.0	0.0	0.0	0.0	0.0	8.863655578729678e-05	0.0	0.0	0.0	0.0	0.00024451858454717053	0.0
Cycle_35	0.00040548687494128277	4.032030206384816e-06	0.0	0.0035781920964687765	0.0	0.017447187761766517	0.0	0.0006512337249192986	0.0034920341253367117	1.0106457499656465	0.0	0.0	0.0	0.0	0.0	8.602334889044061e-05	0.0	0.0	0.0	0.0	0.00024662722931189783	0.0
Cycle_36	0.0004099362421829393	3.826653168547758e-06	0.0	0.0035871696237287777	0.0	0.01754269654977049	0.0	0.0006631160068292979	0.00350024027376504	1.0106856545046925	0.0	0.0	0.0	0.0	0.0	8.298252843343735e-05	0.0	0.0	0.0	0.0	0.00024050544016790518	0.0
Cycle_37	0.000411271151547432	4.058095045069343e-06	0.0	0.00357416645062351	0.0	0.01758431162115624	0.0	0.0006439525651301436	0.0035130248925009776	1.0107067121876836	0.0	0.0	0.0	0.0	0.0	8.833514157676094e-05	0.0	0.0	0.0	0.0	0.00024771687317956407	0.0
Cycle_38	0.0004135065340682368	3.5208579619493735e-06	0.0	0.003546782553720351	0.0	0.017661831311995432	0.0	0.0006710990399781774	0.0035372465477859502	1.0107376052090036	0.0	0.0	0.0	0.0	0.0	8.181501849516974e-05	0.0	0.0	0.0	0.0	0.000236382309838604	0.0
Cycle_39	0.00041232986221022836	3.7902225712520537e-06	0.0	0.0035638650326283703	0.0	0.017696340577007863	0.0	0.0006676408206783429	0.0035187521784008947	1.010678904294988	0.0	0.0	0.0	0.0	0.0	7.934165683068953e-05	0.0	0.0	0.0	0.0	0.0002474443046940678	0.0
Cycle_40	0.0004175672997291284	3.720672925777626e-06	0.0	0.003559564258879281	0.0	0.01760463373121529	0.0	0.0006641083998067079	0.003530910708203386	1.0107053800853378	0.0	0.0	0.0	0.0	0.0	8.08106836651644e-05	0.0	0.0	0.0	0.0	0.00024162181754117844	0.0
Cycle_41	0.0004128584152656565	3.942890456920002e-06	0.0	0.003553982740615027	0.0	0.01778595040220919	0.0	0.0006763812260675931	0.0035439517729787626	1.0106767263791325	0.0	0.0	0.0	0.0	0.0	8.001564926089461e-05	0.0	0.0	0.0	0.0	0.00023922483916226465	0.0
Cycle_42	0.00041101089194172795	3.615168200703309e-06	0.0	0.0035521079826099635	0.0	0.017852269670159373	0.0	0.0006771116491518839	0.0035683734494906943	1.010668491514744	0.0	0.0	0.0	0.0	0.0	7.593040412462832e-05	0.0	0.0	0.0	0.0	0.000244790475084518	0.0
Cycle_43	0.0004123636758030518	3.7216753372496385e-06	0.0	0.0035334082577003936	0.0	0.01796466564704779	0.0	0.0006946816197085584	0.0035931723573746762	1.010710331356568	0.0	0.0	0.0	0.0	0.0	7.391208150915139e-05	0.0	0.0	0.0	0.0	0.00023471417419061166	0.0
Cycle_44	0.00040682082378263614	3.864279321825613e-06	0.0	0.003537644150411112	0.0	0.01790084833394633	0.0	0.0006785742495093984	0.0035891113625984355	1.0106936240433038	0.0	0.0	0.0	0.0	0.0	7.695631470528847e-05	0.0	0.0	0.0	0.0	0.00024376817143336832	0.0
Cycle_45	0.0004156043608031189	3.940214583902912e-06	0.0	0.003534234118989177	0.0	0.017914392044974064	0.0	0.0006822735192288931	0.003585325575982438	1.010680391862141	0.0	0.0	0.0	0.0	0.0	7.360605011923632e-05	0.0	0.0	0.0	0.0	0.0002471545580076037	0.0
Cycle_46	0.0004136634567462849	3.4720087326685825e-06	0.0	0.0035345685617720218	0.0	0.01791367761898316	0.0	0.0006728551895609804	0.003563505726681563	1.010633574789974	0.0	0.0	0.0	0.0	0.0	8.004494130684003e-05	0.0	0.0	0.0	0.0	0.00024664034760197803	0.0
Cycle_47	0.0004163351602244282	3.0010279765268363e-06	0.0	0.0034999777439223448	0.0	0.017932164615070776	0.0	0.0006825559634859847	0.003587630243308264	1.0106939213959234	0.0	0.0	0.0	0.0	0.0	7.537712054063053e-05	0.0	0.0	0.0	0.0	0.00024410159514239913	0.0
Cycle_48	0.00041361140964664986	3.083753212721379e-06	0.0	0.003507492293251108	0.0	0.018002984714862686	0.0	0.0006933518257247863	0.0035896292972349775	1.0107434906131316	0.0	0.0	0.0	0.0	0.0	7.687360961819695e-05	0.0	0.0	0.0	0.0	0.0002370707755008	0.0
Cycle_49	0.0004211156057771871	3.443732380493057e-06	0.0	0.0035086473868799245	0.0	0.018103241679705777	0.0	0.0006957206351753461	0.00361108424646218	1.0107007958505894	0.0	0.0	0.0	0.0	0.0	7.345819348735403e-05	0.0	0.0	0.0	0.0	0.0002455346159631304	0.0
Cycle_50	0.00041869965124559903	3.185820495330937e-06	0.0	0.0035158304897307444	0.0	0.018680892212808983	0.0	0.0007342262179966927	0.003737285611435036	1.0107254305278814	0.0	0.0	0.0	0.0	0.0	6.442271533036612e-05	0.0	0.0	0.0	0.0	0.00023714095001951856	0.0
Cycle_51	0.0004181332107008431	3.663627070925901e-06	0.0	0.0035338474677906	0.0	0.018429246439585902	0.0	0.0007285187940873522	0.0036857991889968906	1.0106852925878498	0.0	0.0	0.0	0.0	0.0	6.462051597771444e-05	0.0	0.0	0.0	0.0	0.00024016120747259384	0.0
Cycle_52	0.0004137890256150046	3.797284201160614e-06	0.0	0.0035193566834966178	0.0	0.018329571815472668	0.0	0.0007226488671629727	0.003664944789396008	1.0107294545364365	0.0	0.0	0.0	0.0	0.0	6.701126749811678e-05	0.0	0.0	0.0	0.0	0.00024135524304658612	0.0
Cycle_53	0.000417373240627021	3.680079296425516e-06	0.0	0.0035058388765157903	0.0	0.018285094995999035	0.0	0.0007128209898367157	0.0036514043764023763	1.0106822304282372	0.0	0.0	0.0	0.0	0.0	6.968240863830428e-05	0.0	0.0	0.0	0.0	0.0002392357792528406	0.0
Cycle_54	0.00041709578032512524	3.449125457762286e-06	0.0	0.0035122201807769042	0.0	0.018275719096785718	0.0	0.0006966719995875382	0.0036640365501781494	1.0107523542873569	0.0	0.0	0.0	0.0	0.0	7.427092055839121e-05	0.0	0.0	0.0	0.0	0.0002481690356098751	0.0
Cycle_55	0.0004170729639606195	4.308425656708562e-06	0.0	0.0035291065687513994	0.0	0.018944408105529168	0.0	0.000770913712765553	0.003815096610711489	1.010734590426067	0.0	0.0	0.0	0.0	0.0	5.266011927814469e-05	0.0	0.0	0.0	0.0	0.0002421456439404719	0.0
Cycle_56	0.0004192590542501706	3.4336160312131286e-06	0.0	0.0035565298551974234	0.0	0.018907934509318658	0.0	0.0007611140397857856	0.00376997757023491	1.0106930455886003	0.0	0.0	0.0	0.0	0.0	5.446926526355383e-05	0.0	0.0	0.0	0.0	0.00023916641192799827	0.0
Cycle_57	0.00042100327940358564	3.795440942379031e-06	0.0	0.0035193623160092178	0.0	0.018700617114690465	0.0	0.0007421641457301977	0.0037253958562955426	1.0106456005413462	0.0	0.0	0.0	0.0	0.0	5.770067952741626e-05	0.0	0.0	0.0	0.0	0.00025086145098605987	0.0
Cycle_58	0.00041399689226544634	3.658766270710063e-06	0.0	0.00351631600435608	0.0	0.018480588267411828	0.0	0.000722786239336657	0.0036844633497451736	1.0106850889966887	0.0	0.0	0.0	0.0	0.0	6.528836387963082e-05	0.0	0.0	0.0	0.0	0.0002449521528985336	0.0
Cycle_59	0.0004128299587782525	3.502641173827298e-06	0.0	0.003493529248490146	0.0	0.018386366301136676	0.0	0.0007218339995291969	0.003691689602634429	1.010710282550623	0.0	0.0	0.0	0.0	0.0	6.491888146805887e-05	0.0	0.0	0.0	0.0	0.00024390947641559328	0.0
Cycle_60	0.00041616543980838196	3.4240716181776356e-06	0.0	0.0034912656446334806	0.0	0.018439209010110404	0.0	0.0007144576765599508	0.0036805965512415138	1.0107533256059262	0.0	0.0	0.0	0.0	0.0	6.679409262899764e-05	0.0	0.0	0.0	0.0	0.00024478434338052964	0.0
Cycle_61	0.0004143248397224764	3.4058178113554286e-06	0.0	0.0034893322769418214	0.0	0.018546165423603888	0.0	0.000732379293022467	0.0037126044764127257	1.010703392176856	0.0	0.0	0.0	0.0	0.0	6.486879643582684e-05	0.0	0.0	0.0	0.0	0.00023928924851340265	0.0
