Molecule	Hydrogen	Deuterium	Methane	Water	Acetylene	Carbon monoxide	Ethylene	Ethane	Oxygen	Argon	Cyclopropene	Allene	Propyne	Propene	Carbon dioxide	Propane	Ethanol	1,3-Butadiyne	1-Buten-3-yne	1,3-Butadiene	1-Butyne	2-Butyne
Cycle_1	0.00029765362710569175	2.4066596714874362e-06	0.0	0.0029697407871183525	0.0	0.013847386146143364	0.0	0.0003439054919297721	0.002526012820431012	1.0105388617569198	0.0	0.0	0.0	0.0	0.0	0.00018402739014519877	0.0	0.0	0.0	0.0	0.00017737853904707676	0.0
Cycle_2	0.0002792661310207498	2.0380275610088067e-06	0.0	0.0029678419284459604	0.0	0.012640424273572605	0.0	0.00023085738648741247	0.0023886179665394964	1.0105289561624031	0.0	0.0	0.0	0.0	0.0	0.00021375436931713135	0.0	0.0	0.0	0.0	0.00019141128739175585	0.0
Cycle_3	0.00027323555431416936	2.215942272834891e-06	0.0	0.002951272673602051	0.0	0.011635692437692456	0.0	0.00013034410314891173	0.0021775165931477644	1.010505941424443	0.0	0.0	0.0	0.0	0.0	0.00024366594540557238	0.0	0.0	0.0	0.0	0.00019590849395433616	0.0
Cycle_4	0.0002646703525691301	2.0779415451756817e-06	0.0	0.002954796476829202	0.0	0.011612736149814824	0.0	0.00010459896629216986	0.002171047496732612	1.0105463103329673	0.0	0.0	0.0	0.0	0.0	0.0002501503866203667	0.0	0.0	0.0	0.0	0.0002054002342064506	0.0
Cycle_5	0.00026600428575731687	2.012452558062626e-06	0.0	0.003011954666560279	0.0	0.012210375567269362	0.0	0.00019584191542870193	0.002412208547160695	1.010690014830637	0.0	0.0	0.0	0.0	0.0	0.00023010899925108184	0.0	0.0	0.0	0.0	0.00018992165779453375	0.0
Cycle_6	0.00027878632455107715	2.1784063843975296e-06	2.64617458150344e-05	0.0032289987915937075	0.0	0.017465259173823584	0.0	0.0	0.00016668996283649478	1.0118207943115685	0.0	0.0	0.0	0.0	0.0	0.00044590956200103135	0.0	3.4255248829762374e-05	0.0	0.0	0.00016709679070906502	0.0
Cycle_7	0.24737943537043855	3.1328973568108035e-06	0.000312629661816887	0.006663499854785971	0.008276012256813792	0.0351096065919758	0.003801046030236534	0.0	0.0	1.0107262476942633	0.0	0.0	0.0	0.0	0.0	0.00045461029335496026	0.0	2.754112364112924e-05	0.0	0.0	0.00033713056712063425	0.0
Cycle_8	0.2700197862685748	2.732712871729394e-06	0.00019692166831593395	0.0071120674173765506	0.006114282918496998	0.040123683784098106	0.005585946763003273	0.0	0.0	1.01094927228756	0.0	0.0	0.0	0.0	0.0	0.00042694542253165764	0.0	1.4884991811608657e-05	0.0	0.0	0.0003413742140071589	0.0
Cycle_9	0.27484755644358444	3.275860396010364e-06	0.00017360759350577325	0.007179054987914501	0.006193320922332493	0.03985211204254836	0.005807367576291244	0.0	0.0	1.0111371286469357	0.0	0.0	0.0	0.0	0.0	0.00044075314095267233	0.0	9.138731622344335e-06	0.0	0.0	0.0003384736833054459	0.0
Cycle_10	0.2785681996032575	3.4429141664842505e-06	0.00020511397340964468	0.0071747227884335595	0.005921946111931486	0.04061034832963559	0.006064050443402353	0.0	0.0	1.0112457426014112	0.0	0.0	0.0	0.0	0.0	0.0004394558001529661	0.0	1.0370303826118187e-05	0.0	0.0	0.00033707339382088087	0.0
Cycle_11	0.27380538132060855	3.7183116992969014e-06	0.0001989822317762968	0.00711754689693794	0.006674028384938685	0.03871419985794073	0.005925908858485654	0.0	0.0	1.0111584460793213	0.0	0.0	0.0	0.0	0.0	0.00044520720853176177	0.0	2.1099585018197537e-05	0.0	0.0	0.0003412118244828947	0.0
Cycle_12	0.2769883901843199	3.825065223513926e-06	0.0001917347665600231	0.0070976291583752125	0.006231565537325653	0.04016616711334879	0.006040990493797781	0.0	0.0	1.011172471630326	0.0	0.0	0.0	0.0	0.0	0.0004361375966362602	0.0	2.1283550311587355e-05	0.0	0.0	0.0003517153292796325	0.0
Cycle_13	0.276814249986644	4.4087716834959834e-06	0.00023820482173538202	0.007006385166362165	0.007110692625101675	0.037560096812868975	0.005767449946343874	0.0	0.0	1.0112832552672786	0.0	0.0	0.0	0.0	0.0	0.00045015759025996023	0.0	2.8180589647004117e-05	0.0	0.0	0.00034908503183503223	0.0
Cycle_14	0.27753929547891176	4.787702773734085e-06	0.0001983463499270556	0.006946147547041975	0.007044692271989457	0.03800217105532097	0.005785035363658614	0.0	0.0	1.0113235158557674	0.0	0.0	0.0	0.0	0.0	0.0004446323135764844	0.0	2.530647410683728e-05	0.0	0.0	0.00035489191702625276	0.0
Cycle_15	0.2782291348586098	4.730760585421458e-06	0.00021416577840827219	0.006836087505285448	0.0072825040513693476	0.03782141700811473	0.005700104107738264	0.0	0.0	1.0112858313540567	0.0	0.0	0.0	0.0	0.0	0.0004492696727859006	0.0	3.370962361912504e-05	0.0	0.0	0.0003592612774490293	0.0
Cycle_16	0.27865235587518006	4.6415445907025026e-06	0.0002356052840683509	0.006782210897418826	0.007331525743888698	0.03745486521214275	0.005762443896053946	0.0	0.0	1.011270284571936	0.0	0.0	0.0	0.0	0.0	0.0004587202739365582	0.0	3.067216155787481e-05	0.0	0.0	0.00036310827003245983	0.0
Cycle_17	0.2782204505478957	4.674452046249151e-06	0.0002573000266780825	0.006693708684699353	0.0070154299428081554	0.03836844468993686	0.005809116085054955	0.0	0.0	1.011289739046661	0.0	0.0	0.0	0.0	0.0	0.00045227910970503893	0.0	2.98538941400926e-05	0.0	0.0	0.00035920987342073584	0.0
Cycle_18	0.2798001931950146	4.705704290403372e-06	0.00022093465277476653	0.006613448895415589	0.007222896680529611	0.03834409958627988	0.005905567435495343	0.0	0.0	1.0112752236558524	0.0	0.0	0.0	0.0	0.0	0.00044708318191897763	0.0	3.526326931591478e-05	0.0	0.0	0.00036814817995581826	0.0
Cycle_19	0.28083934291403423	5.390630678880405e-06	0.0002212293678892793	0.006514116914099914	0.0075132659660081865	0.03671177171813288	0.005654392632838187	0.0	0.0	1.0112842245264098	0.0	0.0	0.0	0.0	0.0	0.0004497624154640119	0.0	3.3699820135451546e-05	0.0	0.0	0.0003657283807032613	0.0
Cycle_20	0.2783628955308344	5.503861869277137e-06	0.0002438718477223331	0.006408994937994158	0.007598476682550554	0.03791147430230915	0.005499572569296203	0.0	0.0	1.011303717708413	0.0	0.0	0.0	0.0	0.0	0.00045739825388986803	0.0	3.9218614314328224e-05	0.0	0.0	0.00037135913386588694	0.0
Cycle_21	0.2816131941452761	5.822284123750298e-06	0.00022352276264888163	0.00631105683170835	0.0076102909783715015	0.03743199529123739	0.005576985927175279	0.0	0.0	1.0113031623895339	0.0	0.0	0.0	0.0	0.0	0.00045322875536353156	0.0	3.587502260255212e-05	0.0	0.0	0.00036814797415484467	0.0
Cycle_22	0.2751339896090006	5.937536496021458e-06	0.0002062822973616318	0.0061977370784396125	0.007748299658468508	0.03707695935590527	0.005444263624679459	0.0	0.0	1.0112699891414834	0.0	0.0	0.0	0.0	0.0	0.00045284046001617834	0.0	3.7854582805417845e-05	0.0	0.0	0.00038185314132179837	0.0
Cycle_23	0.2774708933112434	5.626709653069385e-06	0.00028225965490752056	0.00611244448972369	0.008416154392137548	0.03540632912219046	0.005099402386059933	0.0	0.0	1.0112919383577574	0.0	0.0	0.0	0.0	0.0	0.0004563114974851485	0.0	4.4556164121253065e-05	0.0	0.0	0.0003711477361702374	0.0
Cycle_24	0.27432530408850125	6.44122446700606e-06	0.0002340248552056453	0.005992970666073524	0.00795136251281973	0.036703271427370385	0.005377135455900059	0.0	0.0	1.01129685031806	0.0	0.0	0.0	0.0	0.0	0.00045432942945738475	0.0	3.88465027502757e-05	0.0	0.0	0.00038525582204991624	0.0
Cycle_25	0.28016624100489623	6.2000939121421026e-06	0.0002448599913939764	0.00586472750354597	0.008307772914025301	0.035352564177344586	0.005032036999000591	0.0	0.0	1.0112355014150813	0.0	0.0	0.0	0.0	0.0	0.00045104244547594614	0.0	3.971540605546542e-05	0.0	0.0	0.0003888574463348869	0.0
Cycle_26	0.2774480117571585	6.634729685522282e-06	0.00026165164263625395	0.005847356176584199	0.008321117429231693	0.035509657096651506	0.005100995795905893	0.0	0.0	1.0112664689246293	0.0	0.0	0.0	0.0	0.0	0.00046034338405265507	0.0	4.043239227913086e-05	0.0	0.0	0.0003882546079012527	0.0
Cycle_27	0.27359097164280594	6.2387108767234705e-06	0.0002784665060930978	0.005734836580636767	0.008589890393125611	0.03420423693305578	0.004888046269587435	0.0	0.0	1.0112324291416135	0.0	0.0	0.0	0.0	0.0	0.0004586477179201405	0.0	3.7691857019067796e-05	0.0	0.0	0.00040337131448229055	0.0
Cycle_28	0.2735183664762121	6.18010830926905e-06	0.00032669954626508553	0.005668325679405008	0.008416591713188723	0.03505029938084758	0.004982418790450656	0.0	0.0	1.011299362488275	0.0	0.0	0.0	0.0	0.0	0.0004627780899001842	0.0	4.35009666298034e-05	0.0	0.0	0.00039462291917002917	0.0
Cycle_29	0.27624242618467043	6.856585436110089e-06	0.00036147154366610295	0.005604637374967299	0.008832696018956076	0.03460030034668326	0.004603023958299396	0.0	0.0	1.0112953521765564	0.0	0.0	0.0	0.0	0.0	0.00047283559547366485	0.0	4.1169317484323247e-05	0.0	0.0	0.00040390594840613957	0.0
Cycle_30	0.27280080212381425	7.072644032320098e-06	0.0002967997347494992	0.005527907218606246	0.008968125975461852	0.03422023923140446	0.0045358189145335735	0.0	0.0	1.0112352239420281	0.0	0.0	0.0	0.0	0.0	0.00046293832692844767	0.0	4.021906400202262e-05	0.0	0.0	0.0004100226485514533	0.0
Cycle_31	0.2721869449371475	7.451860189539342e-06	0.0002439109761014171	0.005528407951686921	0.00887315525913837	0.03285444260791788	0.004393498274551255	0.0	0.0	1.0112108868843186	0.0	0.0	0.0	0.0	0.0	0.00046337758920657855	0.0	3.748140081216719e-05	0.0	0.0	0.0004190861464539367	0.0
Cycle_32	0.26980296640998924	8.075789245245892e-06	0.0003567942898027546	0.005415816464801252	0.009365844393612007	0.03238370862255968	0.0041354067090622	0.0	0.0	1.011179556504301	0.0	0.0	0.0	0.0	0.0	0.0004708940641434321	0.0	4.465343617761624e-05	0.0	0.0	0.00041953441523102816	0.0
Cycle_33	0.2694323696201288	7.026894101296076e-06	0.0003871674052805711	0.005333814441071342	0.009258796724372496	0.032630436560170596	0.0040934057372194205	0.0	0.0	1.0112028791727072	0.0	0.0	0.0	0.0	0.0	0.00046789239005537615	0.0	4.763502572326952e-05	0.0	0.0	0.00041722670708354393	0.0
Cycle_34	0.27082563166587625	7.401313979100185e-06	0.0003097757808329768	0.005402465100580072	0.00954330011067092	0.03258791083783255	0.0037950599044490494	0.0	0.0	1.011211140193935	0.0	0.0	0.0	0.0	0.0	0.0004720033445817332	0.0	4.801352712323921e-05	0.0	0.0	0.00042432826113523417	0.0
Cycle_35	0.2698684678670049	7.904288732854666e-06	0.0002972559269034405	0.005251802856684481	0.009454363355038353	0.032363719370399	0.003926044964800451	0.0	0.0	1.0111264387746848	0.0	0.0	0.0	0.0	0.0	0.00046498852843027556	0.0	4.241131619516046e-05	0.0	0.0	0.0004353975200612249	0.0
Cycle_36	0.2692611969497565	8.037758796189691e-06	0.0003730919581857659	0.005215280389066889	0.009681677710262541	0.03144414035680737	0.0035615805971310767	0.0	0.0	1.0111312045242355	0.0	0.0	0.0	0.0	0.0	0.0004736290800849447	0.0	4.107925255829213e-05	0.0	0.0	0.0004341587805549997	0.0
Cycle_37	0.2679215676618834	7.950315381865917e-06	0.0003851422731302121	0.005169162160947033	0.009841595470383232	0.031046964335924007	0.0035383632490517372	0.0	0.0	1.0111560743471928	0.0	0.0	0.0	0.0	0.0	0.00047379997173986973	0.0	4.416202242295184e-05	0.0	0.0	0.00044218386375375853	0.0
Cycle_38	0.268515620464353	7.457811120143375e-06	0.0004705633842441849	0.005112196641284349	0.00996558547060887	0.030721178447849773	0.0033606254040570564	0.0	0.0	1.0109931999501156	0.0	0.0	0.0	0.0	0.0	0.00046831527215618243	0.0	4.894926167442857e-05	0.0	0.0	0.000439855064263807	0.0
Cycle_39	0.2693204962598662	7.835848382586278e-06	0.00037350239919308614	0.005056927356071853	0.009964567489673715	0.030548675671405238	0.0032032669513480647	0.0	0.0	1.0111045038600361	0.0	0.0	0.0	0.0	0.0	0.0004789802468922319	0.0	4.8484353198357306e-05	0.0	0.0	0.00044300700672468394	0.0
Cycle_40	0.268552486346508	7.628246824130825e-06	0.0003763190974939026	0.005019862852521614	0.010045815268998937	0.030679452936133576	0.003173757023349338	0.0	0.0	1.0111158300804952	0.0	0.0	0.0	0.0	0.0	0.00047679113124792036	0.0	4.76958282678667e-05	0.0	0.0	0.0004430982424807675	0.0
Cycle_41	0.2679060160040783	8.938494019695975e-06	0.00036732155649254886	0.005008953874832684	0.010123027258964794	0.030227412154311756	0.003047458435595126	0.0	0.0	1.0111267443762586	0.0	0.0	0.0	0.0	0.0	0.000481045753705435	0.0	4.4504185773910774e-05	0.0	0.0	0.0004561494319362433	0.0
Cycle_42	0.2685039091604502	8.198387432702733e-06	0.0004419216972950555	0.004948877508755219	0.010353403733432324	0.029353425981084143	0.002645368145546717	0.0	0.0	1.011115984061141	0.0	0.0	0.0	0.0	0.0	0.0004856170464008819	0.0	4.554712503760016e-05	0.0	0.0	0.0004474003591466551	0.0
Cycle_43	0.26460899353454514	8.970204393883346e-06	0.00027100627671315083	0.004920293240415636	0.010073058848058395	0.02984962186929527	0.002857494494871759	0.0	0.0	1.0110950848851785	0.0	0.0	0.0	0.0	0.0	0.00047885199426933985	0.0	4.479404034290766e-05	0.0	0.0	0.0004500629561439115	0.0
Cycle_44	0.26324895669978204	8.14645294927005e-06	0.0004316660502188768	0.0048564062036175045	0.01046976251535835	0.029002249227682485	0.0025530466109292705	0.0	0.0	1.0111110576406888	0.0	0.0	0.0	0.0	0.0	0.00048543758389839987	0.0	4.794478436358638e-05	0.0	0.0	0.00046013423369750195	0.0
Cycle_45	0.26600872426530636	8.735545706939493e-06	0.0004221632862342977	0.00483692197654147	0.010223837936404993	0.02992569958249689	0.002625069422272806	0.0	0.0	1.0110510585787826	0.0	0.0	0.0	0.0	0.0	0.00048092915900856787	0.0	4.840726676490637e-05	0.0	0.0	0.0004567691756351199	0.0
Cycle_46	0.2648583658921957	8.876378037856445e-06	0.00039774660570203555	0.0048080683141953585	0.010567193520746667	0.02893367763679492	0.0023579524361794398	0.0	0.0	1.0110654301737656	0.0	0.0	0.0	0.0	0.0	0.0004903196965625659	0.0	4.585771668367454e-05	0.0	0.0	0.00046131537918060636	0.0
Cycle_47	0.265740781076309	9.37267190734319e-06	0.0004202104768228794	0.004773049538211089	0.010642923220706655	0.028752886075366153	0.0022773521733032236	0.0	0.0	1.0110645862275986	0.0	0.0	0.0	0.0	0.0	0.0004861112753529872	0.0	4.605194066958924e-05	0.0	0.0	0.00046307195900871306	0.0
Cycle_48	0.26751955587524623	9.160944272807326e-06	0.00044856101515868934	0.004718703662214531	0.010723254920714768	0.029047970350771543	0.0021934795973930603	0.0	0.0	1.0110186657825995	0.0	0.0	0.0	0.0	0.0	0.0004864254993231395	0.0	4.032100664269544e-05	0.0	0.0	0.0004720130966261139	0.0
Cycle_49	0.2691730445863836	9.346619863457738e-06	0.0004185907063557804	0.004718460064640823	0.01061323691247217	0.028483087929915694	0.0021293058309016953	0.0	0.0	1.0110790370915754	0.0	0.0	0.0	0.0	0.0	0.0004889688604022899	0.0	4.10267311109892e-05	0.0	0.0	0.00047152980093260837	0.0
Cycle_50	0.2656281085571641	8.87868728429277e-06	0.000398103281652861	0.004673000378113121	0.010899224888636868	0.028589968031207467	0.0020534780743080815	0.0	0.0	1.0109847876812343	0.0	0.0	0.0	0.0	0.0	0.0004921963500727528	0.0	4.2993374277678016e-05	0.0	0.0	0.0004817314325168903	0.0
Cycle_51	0.26658853522060155	8.765463602204086e-06	0.00047402190524915996	0.004645569737042076	0.010840889823340909	0.028855477160712965	0.0020733364118836585	0.0	0.0	1.010933282620277	0.0	0.0	0.0	0.0	0.0	0.000487890614680094	0.0	4.27674424256519e-05	0.0	0.0	0.0004898820280036248	0.0
Cycle_52	0.2637712805967953	9.720917319428867e-06	0.0003665547205724989	0.004641152998590559	0.010916212641103628	0.028637202026647927	0.0019980734460296502	0.0	0.0	1.0110411231058427	0.0	0.0	0.0	0.0	0.0	0.0004921509661758477	0.0	4.126031827370407e-05	0.0	0.0	0.00048696406647036594	0.0
Cycle_53	0.26452898131565944	9.55098449409794e-06	0.00044273435263102916	0.004623137560556887	0.010777359331474314	0.02867295492728556	0.0019521082487773634	0.0	0.0	1.0110879750445043	0.0	0.0	0.0	0.0	0.0	0.00048676552705228425	0.0	3.8845852564604904e-05	0.0	0.0	0.0004856327251967108	0.0
Cycle_54	0.2622135128908675	9.664139115924341e-06	0.000468977932295835	0.004578802180794648	0.010761611731971828	0.028150107042541794	0.0018382311822727996	0.0	0.0	1.0110462918851846	0.0	0.0	0.0	0.0	0.0	0.000490856292022492	0.0	3.926959234705266e-05	0.0	0.0	0.0004896535758134903	0.0
Cycle_55	0.2634524117095046	9.460909731827773e-06	0.00047647417380563965	0.004550067820030741	0.010987036010928675	0.028307037924760553	0.0017412478210630635	0.0	0.0	1.011003729360716	0.0	0.0	0.0	0.0	0.0	0.0004916948829015653	0.0	4.1494798712554e-05	0.0	0.0	0.0004899822724779634	0.0
Cycle_56	0.2647604294492269	9.363318250333339e-06	0.0003069371891731962	0.004519625898154635	0.010981391823234612	0.027656033389239415	0.0015619172944161743	0.0	0.0	1.011014209185965	0.0	0.0	0.0	0.0	0.0	0.0004904986202888408	0.0	3.502264007887552e-05	0.0	0.0	0.0005016042649422786	0.0
Cycle_57	0.26490714404148125	8.873369396819944e-06	0.00038546573601964826	0.004491026871407116	0.011198916002884815	0.027958015482290686	0.0014904873910523905	0.0	0.0	1.01090125719688	0.0	0.0	0.0	0.0	0.0	0.00048674927621558347	0.0	3.885520308075034e-05	0.0	0.0	0.0004984382858336626	0.0
Cycle_58	0.2656027715822192	1.0141916149231263e-05	0.0005501651059602689	0.004466867524069167	0.011081688283507463	0.028077565522393155	0.0015924649912176544	0.0	0.0	1.0110829509026773	0.0	0.0	0.0	0.0	0.0	0.0004941766811709785	0.0	3.730411853687648e-05	0.0	0.0	0.000500910624712592	0.0
Cycle_59	0.26688521184314484	9.944498562072931e-06	0.0005049709908304088	0.004459932348400816	0.010941785216615681	0.027912062232023183	0.0014755578694513863	0.0	0.0	1.0110231797681084	0.0	0.0	0.0	0.0	0.0	0.0004938401469056201	0.0	3.18018578082372e-05	0.0	0.0	0.0005101812576459938	0.0
Cycle_60	0.2625982609592215	9.476877943052637e-06	0.00048367499048764136	0.004466991663350528	0.011279917256733189	0.028316685673286903	0.0014254479063194225	0.0	0.0	1.0109674317110933	0.0	0.0	0.0	0.0	0.0	0.0004958021711195472	0.0	3.586451373057255e-05	0.0	0.0	0.0005119803178321392	0.0
Cycle_61	0.26168848373837394	1.0732023927827173e-05	0.0004511641677351662	0.004417020098882816	0.010973476367409649	0.027695524815789647	0.0013977818019358372	0.0	0.0	1.0110201036112276	0.0	0.0	0.0	0.0	0.0	0.0005003630030514621	0.0	3.688518789623444e-05	0.0	0.0	0.0005113300832927907	0.0
Cycle_62	0.2656598011043799	9.611904107446976e-06	0.0004938629213008946	0.004405559686381295	0.011172433194026568	0.027870540746973028	0.0013485262030944179	0.0	0.0	1.0109375464485633	0.0	0.0	0.0	0.0	0.0	0.0004973512574263354	0.0	2.8484422552188935e-05	0.0	0.0	0.0005239427230209345	0.0
Cycle_63	0.26493890415567356	9.491169246609438e-06	0.00047776317580304717	0.004412410090496619	0.01126625983069916	0.028015896612589554	0.0012997100645619768	0.0	0.0	1.0110478933248157	0.0	0.0	0.0	0.0	0.0	0.000500687039494758	0.0	3.606054610159351e-05	0.0	0.0	0.000520588417929977	0.0
Cycle_64	0.26661830110883905	9.394728776037102e-06	0.0004707936991035585	0.004384632396213407	0.011103931076293603	0.02801258172514514	0.0012969503709141944	0.0	0.0	1.0109982743938197	0.0	0.0	0.0	0.0	0.0	0.000491334218507953	0.0	2.6871197576955285e-05	0.0	0.0	0.0005260467414530725	0.0
Cycle_65	0.2618085226196431	1.0423958849451733e-05	0.0004870709697381776	0.0043584267354417755	0.011078281130808127	0.027844502723945872	0.001230148970556925	0.0	0.0	1.010986251269297	0.0	0.0	0.0	0.0	0.0	0.00048524306563771646	0.0	3.015483289699641e-05	0.0	0.0	0.0005300505336474399	0.0
Cycle_66	0.264592635286754	9.897344989961705e-06	0.0005085119180859156	0.0043623038224579	0.011253780059824211	0.02794950605077398	0.0011956354917633488	0.0	0.0	1.011050206319958	0.0	0.0	0.0	0.0	0.0	0.0004988062482896685	0.0	3.8974693905443525e-05	0.0	0.0	0.0005200073416249339	0.0
Cycle_67	0.2649596962644331	1.0117073143272551e-05	0.00038456073394111317	0.004275790537244892	0.011171071933725102	0.028021941228974365	0.0011530611531000718	0.0	0.0	1.01090094566176	0.0	0.0	0.0	0.0	0.0	0.0004882754938928167	0.0	2.7961445065088894e-05	0.0	0.0	0.0005323244243433687	0.0
Cycle_68	0.2641908841886842	1.0193184305680393e-05	0.000475713284349939	0.004293202760407	0.011142892250566118	0.02730196452674886	0.0010462699990678261	0.0	0.0	1.0109675326569854	0.0	0.0	0.0	0.0	0.0	0.0004943359783519754	0.0	3.1884606570813205e-05	0.0	0.0	0.0005371339711810008	0.0
Cycle_69	0.26265793844001045	9.629983645299096e-06	0.00041494498494248363	0.004275476054075545	0.011491911359467625	0.02758143028982275	0.0009595030146806983	0.0	0.0	1.0109756795970732	0.0	0.0	0.0	0.0	0.0	0.0004964192724704893	0.0	2.9349239012240958e-05	0.0	0.0	0.0005404510261725452	0.0
Cycle_70	0.2647517535762912	9.726998898308573e-06	0.0004423678390954704	0.00427873695831355	0.011162291957573685	0.027521483832327137	0.0010457409482937257	0.0	0.0	1.0109572422463862	0.0	0.0	0.0	0.0	0.0	0.0004938437405521278	0.0	2.752070712198933e-05	0.0	0.0	0.0005482635269655979	0.0
Cycle_71	0.26711260729814096	1.0452006581648137e-05	0.0004956636476962433	0.004261535133724722	0.01150078086259435	0.027967247492220543	0.0008970329793265159	0.0	0.0	1.0109454681599477	0.0	0.0	0.0	0.0	0.0	0.0004973882195988488	0.0	2.5943090279861256e-05	0.0	0.0	0.0005487163066235922	0.0
Cycle_72	0.2661749465752212	1.0265319967050384e-05	0.0005379501391209327	0.004269636121836011	0.011385784829797156	0.027762475622300338	0.0008855365932824094	0.0	0.0	1.0110543610555356	0.0	0.0	0.0	0.0	0.0	0.0005027613096859219	0.0	2.513277725217275e-05	0.0	0.0	0.0005378363518447645	0.0
Cycle_73	0.2647707481508403	1.0248145157676868e-05	0.0004225364839030174	0.004238095089171283	0.011264099719658721	0.027523571950790974	0.0009307092971503005	0.0	0.0	1.0109541425023267	0.0	0.0	0.0	0.0	0.0	0.0004985277389838764	0.0	2.517325508684773e-05	0.0	0.0	0.0005540746185439734	0.0
Cycle_74	0.2652336034243436	9.44819142027867e-06	0.0005133106446159006	0.004181344385056175	0.011203520134511522	0.02751520224534512	0.0008798904974986815	0.0	0.0	1.0110535176199351	0.0	0.0	0.0	0.0	0.0	0.0005023365324691441	0.0	2.706940816871754e-05	0.0	0.0	0.0005537853083064493	0.0
Cycle_75	0.26651075101690275	9.484717055348508e-06	0.00046424253790129297	0.00419441612443945	0.011542665594209793	0.027724223779271005	0.0008496593685743646	0.0	0.0	1.0109430634315513	0.0	0.0	0.0	0.0	0.0	0.0004974423048830482	0.0	2.571026275296786e-05	0.0	0.0	0.0005592160344977178	0.0
Cycle_76	0.2658970741698541	1.0022765354979581e-05	0.0005120062076532175	0.004205207101661446	0.011337278361119306	0.027281642461060525	0.0008217958577874283	0.0	0.0	1.0110455929913473	0.0	0.0	0.0	0.0	0.0	0.0004965672730945826	0.0	2.672593753795268e-05	0.0	0.0	0.0005546622989086551	0.0
Cycle_77	0.26598233094578677	9.60480662218796e-06	0.0004946007835670098	0.0041852209512786885	0.011393641596185554	0.0274243590451084	0.00075092539314793	0.0	0.0	1.0109707055123571	0.0	0.0	0.0	0.0	0.0	0.0004986116778402748	0.0	2.4602247679863055e-05	0.0	0.0	0.0005601991453369361	0.0
Cycle_78	0.26340347818464255	1.0239399283952576e-05	0.00045774513827263365	0.004162483710617087	0.011512986254173466	0.027664666362167578	0.0006912941926304591	0.0	0.0	1.0110146840934064	0.0	0.0	0.0	0.0	0.0	0.0004960418814766718	0.0	2.5285466953970224e-05	0.0	0.0	0.0005627039038527498	0.0
Cycle_79	0.26910036003324006	9.499514992870938e-06	0.0004956892143520459	0.004141390524126059	0.011357920104699618	0.02727626623233881	0.000691664516875751	0.0	0.0	1.0109040371175526	0.0	0.0	0.0	0.0	0.0	0.0004921597103845247	0.0	2.5186126572115235e-05	0.0	0.0	0.0005704168897413382	0.0
Cycle_80	0.2672993089553567	1.0277272335231132e-05	0.0004691044905336007	0.004158337263008961	0.011510278568781276	0.02750286229232191	0.0006452591482399929	0.0	0.0	1.010987573972248	0.0	0.0	0.0	0.0	0.0	0.0004958520112390333	0.0	2.1629146145053903e-05	0.0	0.0	0.0005682530118743351	0.0
Cycle_81	0.26074230543176335	1.0237764902610181e-05	0.00046432227158884	0.004123901251961862	0.01180991298040956	0.027425964418187947	0.0006063176916148403	0.0	0.0	1.010988195359411	0.0	0.0	0.0	0.0	0.0	0.000494927642087534	0.0	2.9400999481202615e-05	0.0	0.0	0.0005705676404204627	0.0
Cycle_82	0.26574203990538986	1.0023246993715637e-05	0.0004734934729450674	0.004059537065487825	0.01151049569252126	0.027176138792736365	0.0005133880786281382	0.0	0.0	1.0110537793322207	0.0	0.0	0.0	0.0	0.0	0.0005018985049579196	0.0	2.1165999014153745e-05	0.0	0.0	0.0005762824244533061	0.0
Cycle_83	0.2680467395768886	1.0288893857550213e-05	0.00048018964328137273	0.004120473297655048	0.011535691939776662	0.027617521712641042	0.0005699979094663494	0.0	0.0	1.0111044043472555	0.0	0.0	0.0	0.0	0.0	0.0004969605618820987	0.0	2.6614780525785517e-05	0.0	0.0	0.0005700297398965674	0.0
Cycle_84	0.27043793075744926	9.769620480249016e-06	0.00043707103125827784	0.004056314152424884	0.011498186020629431	0.02710640242556232	0.0005593169191447307	0.0	0.0	1.0110365484054797	0.0	0.0	0.0	0.0	0.0	0.0005040432994851046	0.0	2.2876062659503524e-05	0.0	0.0	0.0005652205174803219	0.0
Cycle_85	0.26756821886740856	9.883578943054765e-06	0.00029926446312987406	0.004094088998420702	0.011378371606524322	0.027115848617568147	0.0004903004159534551	0.0	0.0	1.0110450535537687	0.0	0.0	0.0	0.0	0.0	0.0005040787239913884	0.0	2.067800449633425e-05	0.0	0.0	0.000577254497229489	0.0
Cycle_86	0.2655753843672385	9.731592797794107e-06	0.0004624426502412723	0.0040632736913073855	0.01169996525837753	0.027319039456928422	0.00046399929884704237	0.0	0.0	1.0109131051590226	0.0	0.0	0.0	0.0	0.0	0.0004957798946625485	0.0	1.7403014046055645e-05	0.0	0.0	0.0005832520866118851	0.0
Cycle_87	0.271325217756192	1.0211473005706801e-05	0.0004931064948194006	0.004054875243100371	0.011691416283340186	0.027324617759656524	0.00044045485673090346	0.0	0.0	1.0109894514357223	0.0	0.0	0.0	0.0	0.0	0.000497421607540729	0.0	2.1496605653827965e-05	0.0	0.0	0.0005703518814882837	0.0
Cycle_88	0.26629949743630565	9.908102249799218e-06	0.000527226462637855	0.00406218910126645	0.011659664358728518	0.027189559205199686	0.00045041011058992	0.0	0.0	1.0109272030091452	0.0	0.0	0.0	0.0	0.0	0.0004997230932968466	0.0	1.980114998530776e-05	0.0	0.0	0.0005943511301933801	0.0
Cycle_89	0.26684342012400547	1.0632915022411088e-05	0.00044526746149934027	0.004066380404197543	0.011685881467678249	0.027095327999898146	0.0004351315315014287	0.0	0.0	1.0109990381893905	0.0	0.0	0.0	0.0	0.0	0.0004955291243216711	0.0	1.8206013187887897e-05	0.0	0.0	0.0005841513291991049	0.0
Cycle_90	0.26879477746343705	9.816631200922424e-06	0.0005481220623265953	0.004038246754496356	0.011662046920964996	0.027159747392160986	0.0003923541530001573	0.0	0.0	1.011022769503851	0.0	0.0	0.0	0.0	0.0	0.0004977695191168595	0.0	2.049902206678773e-05	0.0	0.0	0.0005873795821545778	0.0
Cycle_91	0.26922221177175787	1.0908636959968993e-05	0.0003907411765039965	0.004026095263649661	0.011726210411824943	0.02701913159183686	0.00032616636439298326	0.0	0.0	1.0109726855002787	0.0	0.0	0.0	0.0	0.0	0.0004940615535450221	0.0	1.9379184668527407e-05	0.0	0.0	0.0005933503484512714	0.0
Cycle_92	0.2683557342970153	1.0093979890805893e-05	0.00032057740494619485	0.004037715299751006	0.01164006641822566	0.027369744216755313	0.00038569706960270023	0.0	0.0	1.011020565054629	0.0	0.0	0.0	0.0	0.0	0.0005034274155179102	0.0	1.772316678672314e-05	0.0	0.0	0.000601434162225809	0.0
Cycle_93	0.27230304762766916	1.0613120285108346e-05	0.0004121554346551398	0.003999232498313696	0.011452208829017207	0.02727731424357098	0.0003530198526434346	0.0	0.0	1.0112593359675988	0.0	0.0	0.0	0.0	0.0	0.0005082410784701245	0.0	2.1428836452005647e-05	0.0	0.0	0.0005811112195964638	0.0
Cycle_94	0.2659574103769002	1.043832577579234e-05	0.00045796445729477637	0.003952857025093261	0.011517263717926194	0.027037326864872646	0.0003100877654632922	0.0	0.0	1.0111089803646378	0.0	0.0	0.0	0.0	0.0	0.0005056775453375137	0.0	2.0239462659449886e-05	0.0	0.0	0.0005958228245706637	0.0
Cycle_95	0.26669826547842307	1.0573914925951836e-05	0.0003766809953751612	0.003975578557080139	0.011628567865701309	0.02705961599207313	0.0002646313620123336	0.0	0.0	1.0110291646249336	0.0	0.0	0.0	0.0	0.0	0.0004991660658973813	0.0	1.5188114110243076e-05	0.0	0.0	0.0006064762815914603	0.0
Cycle_96	0.2700816405928226	1.0758081351404762e-05	0.0005193179558552318	0.003977632866468551	0.011665437303501756	0.02721657674776352	0.00024021037884802506	0.0	0.0	1.0111033690219666	0.0	0.0	0.0	0.0	0.0	0.0004966473672012308	0.0	1.4378562863185675e-05	0.0	0.0	0.0006064715838604295	0.0
Cycle_97	0.27409038641886296	1.0191867845909608e-05	0.0004761779779359141	0.003962279433805043	0.011551295061037725	0.0268771878028279	0.0002468732894865089	0.0	0.0	1.010999968013684	0.0	0.0	0.0	0.0	0.0	0.000496022679869075	0.0	1.8410110041493917e-05	0.0	0.0	0.0005965452387981004	0.0
Cycle_98	0.26834921799253414	1.0190193194947925e-05	0.0004747596141320527	0.0039462418043700025	0.01170244805589425	0.027223129441410105	0.0003148465931368533	0.0	0.0	1.0111203649773164	0.0	0.0	0.0	0.0	0.0	0.0005050643494090151	0.0	1.2992903539921349e-05	0.0	0.0	0.0005916945663000172	0.0
Cycle_99	0.2647829543324336	1.0551311869813912e-05	0.0004799596224527936	0.003993397490066931	0.011831944677439837	0.027474022937422207	0.0002577712762980554	0.0	0.0	1.0111906537004607	0.0	0.0	0.0	0.0	0.0	0.0005067413450163181	0.0	1.4391698092714403e-05	0.0	0.0	0.0005976262991054689	0.0
Cycle_100	0.2672724685007814	1.0547370662834809e-05	0.0004488453241050931	0.003945080339975475	0.011906254478912895	0.027688432316992927	0.00018639399998384877	0.0	0.0	1.0110980014793596	0.0	0.0	0.0	0.0	0.0	0.000496086960585139	0.0	1.5212793733536652e-05	0.0	0.0	0.0006121182579008833	0.0
Cycle_101	0.27507465041745	1.0586961066406238e-05	0.00031021052687916806	0.003933860797574911	0.011795713058147101	0.02714719103855093	0.00020596436765388745	0.0	0.0	1.0111642201973778	0.0	0.0	0.0	0.0	0.0	0.0005039943081838636	0.0	1.553004218982683e-05	0.0	0.0	0.0006137566711075356	0.0
Cycle_102	0.2713874495252214	1.0749955066868583e-05	0.0004643727058701404	0.003939518610314047	0.01160491263535361	0.02716713040944156	0.000222106043172499	0.0	0.0	1.0112987533264253	0.0	0.0	0.0	0.0	0.0	0.0005064496742636234	0.0	2.311634552613527e-05	0.0	0.0	0.0005915254923953953	0.0
Cycle_103	0.2687621513020462	9.32062901162561e-06	0.00032269420391284066	0.003847000253041248	0.011807037759708991	0.027204576619851154	0.0001605332458553778	0.0	0.0	1.0111642955210438	0.0	0.0	0.0	0.0	0.0	0.0005022255721254528	0.0	1.3690933839666974e-05	0.0	0.0	0.0006111213174247346	0.0
Cycle_104	0.2721621317800048	1.0219976722806482e-05	0.0002470650090143546	0.003922434624156108	0.011929479709392576	0.027664639852935886	0.00013572375919573132	0.0	0.0	1.0113015725618193	0.0	0.0	0.0	0.0	0.0	0.0005102802964468257	0.0	1.2562127428412934e-05	0.0	0.0	0.0006068074186691371	0.0
Cycle_105	0.2734128914243793	1.0909259038646194e-05	0.00035419669483913017	0.00394046770344604	0.011952770391212762	0.02746700577446131	0.00018446320685334557	0.0	0.0	1.0112483040447378	0.0	0.0	0.0	0.0	0.0	0.0005072533878356377	0.0	1.527192300690131e-05	0.0	0.0	0.0006043203151068066	0.0
Cycle_106	0.2678614600304412	1.0840957840516402e-05	0.0004372342609292585	0.003858294165922695	0.011954199643503262	0.027343106700767086	0.00012979667459905658	0.0	0.0	1.0112421786805885	0.0	0.0	0.0	0.0	0.0	0.0005039348927721047	0.0	8.836884014013177e-06	0.0	0.0	0.0006212574343692692	0.0
Cycle_107	0.27389187159980005	9.652361993916583e-06	0.00041046550948501754	0.003930876549049241	0.011912976920902525	0.02742288442169261	0.00013763662192453112	0.0	0.0	1.0110846017410116	0.0	0.0	0.0	0.0	0.0	0.0005047066619783628	0.0	1.173050563107098e-05	0.0	0.0	0.0006252652590616737	0.0
Cycle_108	0.2764048873737098	1.0696125689700329e-05	0.0004345356566268659	0.003929226127013032	0.011846094889220024	0.027254686765033776	6.812092355360267e-05	0.0	0.0	1.011162863363644	0.0	0.0	0.0	0.0	0.0	0.0005020030053324017	0.0	1.0664928875538364e-05	0.0	0.0	0.0006234749001500767	0.0
Cycle_109	0.27381415935221837	1.0706084716393003e-05	0.00040953590914941655	0.0038925564965803724	0.011764548761060105	0.02725157841967496	0.00011468992298707009	0.0	0.0	1.0112993884765331	0.0	0.0	0.0	0.0	0.0	0.0005095514271693275	0.0	1.2008454916753255e-05	0.0	0.0	0.0006157790793705039	0.0
Cycle_110	0.27382626379417846	1.0258519477864666e-05	0.00047753155369588315	0.003855776045906731	0.011841721395298202	0.027341492518566032	9.571502483910748e-05	0.0	0.0	1.0111834327607268	0.0	0.0	0.0	0.0	0.0	0.0005059215161153222	0.0	9.303534736185652e-06	0.0	0.0	0.0006197581381251796	0.0
Cycle_111	0.2750674103233961	1.0781014773096014e-05	0.00043532237615412773	0.003907765208901985	0.011813239188045497	0.02713637405244524	9.482733995182763e-05	0.0	0.0	1.011289468369217	0.0	0.0	0.0	0.0	0.0	0.0005108099770417792	0.0	9.952870619069214e-06	0.0	0.0	0.000632104460273698	0.0
Cycle_112	0.2727231987554598	9.950223407127107e-06	0.00035606998297185624	0.00383925894664389	0.011940650291978114	0.027381197300032824	3.74849435366294e-05	0.0	0.0	1.011324813870211	0.0	0.0	0.0	0.0	0.0	0.0005062333431239225	0.0	9.161008748817782e-06	0.0	0.0	0.0006296894043584372	0.0
Cycle_113	0.27123203658798717	1.0010583840868415e-05	0.0004220239174945877	0.003853094654528289	0.011646915599858155	0.02698231565596405	7.424953935447088e-05	0.0	0.0	1.0113633565277942	0.0	0.0	0.0	0.0	0.0	0.0005052659800473402	0.0	1.3931813661928933e-05	0.0	0.0	0.0006230404113476206	0.0
Cycle_114	0.2725825267522235	1.0672024895666458e-05	0.0004133180153507669	0.0038131152875373695	0.01187294511060238	0.02738480510443466	6.763577037382125e-05	0.0	0.0	1.0112777683794212	0.0	0.0	0.0	0.0	0.0	0.0005036359720823828	0.0	1.2891147751206004e-05	0.0	0.0	0.0006237168168113883	0.0
Cycle_115	0.27377308739331724	1.1037153201168099e-05	0.0004578957507432527	0.003786341150338624	0.011598594232020813	0.027166858287554833	4.325622448844539e-05	0.0	0.0	1.0113557002966709	0.0	0.0	0.0	0.0	0.0	0.0005073362756719627	0.0	7.995499019077632e-06	0.0	0.0	0.0006263864549022196	0.0
Cycle_116	0.2782959642021018	1.0895941399942902e-05	0.00040821098807927107	0.00384096959947784	0.011684972875591388	0.026796257566239854	0.0	0.0	0.0	1.0113306905995756	0.0	0.0	0.0	0.0	0.0	0.0005081741551761098	0.0	9.53393067915483e-06	0.0	0.0	0.0006279525847199851	0.0
Cycle_117	0.2721543303492817	1.0092610324556694e-05	0.00040215009253253767	0.0038619664578633463	0.011683715578442834	0.02698604913519323	3.1382961417901436e-06	0.0	0.0	1.0114168313633283	0.0	0.0	0.0	0.0	0.0	0.000515993414997619	0.0	6.012433088905462e-06	0.0	0.0	0.0006266171767810904	0.0
Cycle_118	0.27097505051752946	1.0197214001504708e-05	0.0004097551448363967	0.0038370230950845467	0.01204353888578716	0.027531855825980556	1.874657011430272e-05	0.0	0.0	1.0114541807363064	0.0	0.0	0.0	0.0	0.0	0.0005067155765083374	0.0	7.014728572573414e-06	0.0	0.0	0.0006297132364583482	0.0
Cycle_119	0.27341313770565684	1.0051026749658821e-05	0.000413336221808067	0.0038780607639705	0.011728140588091907	0.02695509185712126	1.9973735636695697e-05	0.0	0.0	1.0114477831833109	0.0	0.0	0.0	0.0	0.0	0.0005063119357907385	0.0	4.721566463370384e-06	0.0	0.0	0.0006302116827345617	0.0
Cycle_120	0.2771863833612407	1.0630672067804592e-05	0.00036556445785258275	0.003847046811531115	0.012017156625440362	0.0272911713185825	2.4343052777963427e-05	0.0	0.0	1.0114412370482633	0.0	0.0	0.0	0.0	0.0	0.0005116826421510278	0.0	9.026747777172383e-06	0.0	0.0	0.0006367521095384232	0.0
Cycle_121	0.27568256991941875	1.125925919926471e-05	0.0004962019151180062	0.003867419420202454	0.011864714417116937	0.027174059351195122	2.76616045439693e-05	0.0	0.0	1.011501665327929	0.0	0.0	0.0	0.0	0.0	0.0005160404475988473	0.0	8.794287745184794e-06	0.0	0.0	0.0006265363617125547	0.0
Cycle_122	0.27593025265739946	9.920632207353161e-06	0.0005297223058391035	0.0038839124701824006	0.011713214495462051	0.027109966631809347	5.345550638252686e-06	0.0	0.0	1.0115327992166065	0.0	0.0	0.0	0.0	0.0	0.000506737080305968	0.0	1.0125460165298314e-05	0.0	0.0	0.0006369305671667514	0.0
Cycle_123	0.274523381180785	1.015289062030956e-05	0.00047246986341568735	0.003862061577920077	0.011747102699427754	0.026855643601207173	0.0	0.0	0.0	1.0115471887583036	0.0	0.0	0.0	0.0	0.0	0.0005147455938211046	0.0	8.57848132114345e-06	0.0	0.0	0.0006268192169422338	0.0
Cycle_124	0.2729629895495991	1.000609274715307e-05	0.00042585903442344245	0.003834365350402798	0.011732504614079133	0.02700163870762452	1.3557010413766714e-05	0.0	0.0	1.011510951538436	0.0	0.0	0.0	0.0	0.0	0.0005127597540295993	0.0	7.676212900917635e-06	0.0	0.0	0.0006289641650743771	0.0
Cycle_125	0.27950125916104485	1.0779479293174774e-05	0.00047516497544163635	0.0038442304984811076	0.011786037128723486	0.026993449124583586	0.0	0.0	0.0	1.0114266110748455	0.0	0.0	0.0	0.0	0.0	0.0005108120947420404	0.0	6.508126122599955e-06	0.0	0.0	0.0006358665617077439	0.0
Cycle_126	0.2782360960849281	1.1451358293234773e-05	0.0005032605048966194	0.003829792481852279	0.0119163200560851	0.026928567733804813	0.0	0.0	0.0	1.0114912695190057	0.0	0.0	0.0	0.0	0.0	0.0005077463142924183	0.0	5.788691385953873e-06	0.0	0.0	0.0006405593023068893	0.0
Cycle_127	0.27824175110918736	1.0660945784385987e-05	0.0004990217739698156	0.003865091964542316	0.011967672161522514	0.02714606462208533	0.0	0.0	0.0	1.0116709100447339	0.0	0.0	0.0	0.0	0.0	0.0005135586554779384	0.0	9.936992598021036e-06	0.0	0.0	0.0006270392090844277	0.0
Cycle_128	0.2740653399894687	9.984799473891107e-06	0.00044035410011693927	0.003833236694822452	0.012011372031215118	0.0275494054491737	0.0	0.0	0.0	1.0114934181587902	0.0	0.0	0.0	0.0	0.0	0.0005003489118730136	0.0	9.230778151885709e-06	0.0	0.0	0.0006305883051753804	0.0
Cycle_129	0.28012988000696676	1.0237813860048438e-05	0.0003941628475326375	0.0038260791201200884	0.011650498521423174	0.026875954337073432	0.0	0.0	0.0	1.0116743826418062	0.0	0.0	0.0	0.0	0.0	0.0005102382406785705	0.0	7.804955636099001e-06	0.0	0.0	0.0006254243524754219	0.0
Cycle_130	0.27439361372421733	1.0809125626023933e-05	0.00043516419135460456	0.0037966900833075463	0.01161044324754488	0.02694991353980726	0.0	0.0	0.0	1.0117190761042418	0.0	0.0	0.0	0.0	0.0	0.0005047723113540457	0.0	8.602440202416822e-06	0.0	0.0	0.0006237070707483108	0.0
Cycle_131	0.2759373432069194	1.0247147700556443e-05	0.0001954213058361944	0.0038298896255042967	0.00789954419910201	0.029230337985690608	0.00030519904316891455	0.0	5.696758718484075e-06	1.0117157932796612	0.0	0.0	0.0	0.0	0.0	0.0005160497070839008	0.0	0.0	0.0	0.0	0.0006169204846517016	0.0
Cycle_132	0.28102499759651983	1.084692727982748e-05	0.0	0.0046587073427136975	0.003453551335275108	0.051118679386062967	0.002138539962635788	0.0	0.0009389216107346192	1.0118286985305363	0.0	0.0	0.0	0.0	0.0	0.0005104538435058738	0.0	0.0	0.0	0.0	0.0005703702063776646	0.0
Cycle_133	0.28324521100799327	1.1770623388202367e-05	0.0	0.0054773929957215705	0.0021222361402763366	0.09508929996192782	0.0015073999895734793	0.0004972169282527883	0.0023918198038372844	1.0118313077646013	0.0	0.0	0.0	0.0	0.00047603463120717644	0.00028075753245636656	0.0	0.0	0.0	0.0	0.0005564578620393933	0.0
Cycle_134	0.2688317839706264	1.2106522717674426e-05	0.0	0.007979426468879012	0.0012105683872016412	0.1284304159826065	0.0012848925895603428	0.0012947429681178255	0.002005011915151434	1.011414267868184	0.0	0.0	0.0	0.0	0.0016330781039974713	0.0	0.0	0.0	0.0	0.0	0.0005725283293883839	0.0
Cycle_135	0.2444132851571221	1.4004473024768415e-05	0.0	0.01190703482213409	0.0005867181321088512	0.15213459895003784	0.0010756594998899928	0.002023767347513863	0.0018913117323665174	1.0114412491562819	0.0	0.0	0.0	0.0	0.002907256882661748	0.0	0.0	0.0	0.0	0.0	0.0005423347839946086	0.0
Cycle_136	0.2211173949062375	1.3461417527563075e-05	0.0	0.016267424838469484	0.0002103253771216736	0.15862250551513687	0.0008710200988699185	0.002349840524364068	0.0025713223966346865	1.011646425685053	0.0	0.0	0.0	0.0	0.004358776479372367	0.0	0.0	0.0	0.0	0.0	0.0005460449146787111	0.0
Cycle_137	0.1946520051323174	1.4716554357074015e-05	0.0	0.02048692568380836	0.0	0.17061019527032045	0.0005142578717371876	0.0029767370637423423	0.0049062688608310255	1.0114266507294256	0.0	0.0	0.0	0.0	0.005865387009055944	0.0	0.0	0.0	0.0	0.0	0.0005559366513706275	0.0
Cycle_138	0.1723869522495568	1.5255436942150024e-05	0.0	0.025390580227321227	0.0	0.19748547895793633	0.00020940618321430544	0.003301472082354494	0.0075680384718282085	1.01140650248578	0.0	0.0	0.0	0.0	0.007194107541013055	0.0	0.0	0.0	0.0	0.0	0.0005498025970571201	0.0
Cycle_139	0.1483512730378115	1.5442292787297735e-05	0.0	0.029439017227623192	0.0	0.21645433650144802	0.0	0.0037507769097313644	0.005066305117369527	1.0113280031014344	0.0	0.0	0.0	0.0	0.009125036729639425	0.0	0.0	0.0	0.0	0.0	0.000526592782825366	0.0
Cycle_140	0.12604977933297629	1.5595482190939384e-05	0.0	0.033506912930925024	0.0	0.21321575584819122	0.0	0.003938509654045418	0.004351689255284008	1.0112618859006735	0.0	0.0	0.0	0.0	0.011283487321654483	0.0	0.0	0.0	0.0	0.0	0.0004627518665560607	0.0
Cycle_141	0.1058646556014532	1.5753651459960446e-05	2.0911277905951496e-05	0.037504524117138935	0.0	0.23074952249741576	0.0	0.004219550554585442	0.005336046231532091	1.0114137208414602	0.0	0.0	0.0	0.0	0.013308763312039942	0.0	0.0	0.0	0.0	0.0	0.0003923074007172048	0.0
Cycle_142	0.11138450743860177	2.1270877406045257e-05	0.0	0.02341146887263667	0.0	0.3981561356003331	7.520282559196909e-05	0.0072247950924353675	0.0424547440681514	1.014291806008521	0.0	0.0	0.0	0.0	0.006345658519411813	0.0	0.0	0.0	0.0	0.0	0.0003975131844624875	0.0
Cycle_143	0.10258684244806264	1.9576186198013344e-05	0.0	0.023681515484758723	0.0	0.4282165750313485	0.0	0.00776165043557074	0.04725764390856953	1.0112516599060257	0.0	0.0	0.0	0.0	0.00794157023872852	0.0	0.0	0.0	0.0	0.0	0.00047122181861826087	0.0
Cycle_144	0.0814891535946009	1.8921786402499937e-05	0.0	0.027596007537280694	0.0	0.37919089068812684	0.0	0.006838401056277427	0.03758728900498703	1.0105845519363255	0.0	0.0	0.0	0.0	0.009836219422401246	0.0	0.0	0.0	0.0	0.0	0.0004436528871892221	0.0
Cycle_145	0.07708114683497642	1.873087959548794e-05	0.0	0.030416682861089932	0.0	0.36676662664239196	0.0	0.006576425831988521	0.03515195302907912	1.010755539029733	0.0	0.0	0.0	0.0	0.01042521736437611	0.0	0.0	0.0	0.0	0.0	0.0004194265112791043	0.0
