Molecule	Hydrogen	Deuterium	Methane	Water	Acetylene	Carbon monoxide	Ethylene	Ethane	Oxygen	Argon	Cyclopropene	Allene	Propyne	Propene	Carbon dioxide	Propane	Ethanol	1,3-Butadiyne	1-Buten-3-yne	1,3-Butadiene	1-Butyne	2-Butyne
Cycle_1	0.0001621882353910405	2.7898905989638165e-06	0.0	0.0024980796810236917	0.0	0.020511466359771476	0.0	0.0010464061833529348	0.003921956564658113	1.0099588413584812	0.0	0.0	0.0	0.0	0.0	0.0	0.0	0.0	0.0	0.0	0.00014534662119588417	0.0
Cycle_2	0.00015812181597714902	2.4877983774314177e-06	0.0	0.002689640979527001	0.0	0.02193335527328072	0.0	0.001147297322260377	0.0043420629219151265	1.0105308004686293	0.0	0.0	0.0	0.0	0.0	0.0	0.0	0.0	0.0	0.0	0.00012922497316900433	0.0
Cycle_3	0.00016074475343175862	2.7279977344941294e-06	0.0	0.0027848014930306826	0.0	0.0196833868722823	0.0	0.0009825326766288102	0.0038306130077046495	1.0103889746099946	0.0	0.0	0.0	0.0	0.0	1.1020264033573828e-05	0.0	0.0	0.0	0.0	0.00015042215172127543	0.0
Cycle_4	0.00015846375766103435	3.031848214023773e-06	0.0	0.0029421494199497614	0.0	0.019633106393323642	0.0	0.0010086286779758965	0.003972157684516463	1.0104087091223013	0.0	0.0	0.0	0.0	0.0	1.0777731914168611e-05	0.0	0.0	0.0	0.0	0.0001552936865262982	0.0
Cycle_5	0.00015964784782948347	3.1862352182538364e-06	0.0	0.0030977307592437954	0.0	0.020657487632117347	0.0	0.0011090216225187572	0.003876632404966411	1.0103106708812868	0.0	0.0	0.0	0.0	0.0	0.0	0.0	0.0	0.0	0.0	0.00013852121804571702	0.0
Cycle_6	0.00015465306399040313	2.8820579354728776e-06	0.0	0.0032745477119255355	0.0	0.0184185041673576	0.0	0.0009371812630251196	0.003715193887748384	1.0102802508438498	0.0	0.0	0.0	0.0	0.0	5.944558388271785e-05	0.0	0.0	0.0	0.0	0.00016243465134622217	0.0
Cycle_7	0.00015524675153130496	2.501276031440553e-06	0.0	0.003464731554977359	0.0	0.01927915251853039	0.0	0.001006173558196209	0.003754202171357648	1.0102143518034183	0.0	0.0	0.0	0.0	0.0	5.489660108310811e-05	0.0	0.0	0.0	0.0	0.0001464139439412063	0.0
Cycle_8	0.00015971261235265614	2.1334359800521152e-06	0.0	0.0035258433275134806	0.0	0.018620632988843106	0.0	0.0009433896312380801	0.0037395034109040546	1.0101827308354352	0.0	0.0	0.0	0.0	0.0	8.426798050183592e-05	0.0	0.0	0.0	0.0	0.00014873246948588013	0.0
Cycle_9	0.00015702789965129293	2.551596114279512e-06	0.0	0.0036217193655143577	0.0	0.0186189850310956	0.0	0.000982938620223232	0.003804672616814707	1.0103432626947404	0.0	0.0	0.0	0.0	0.0	8.804180190353116e-05	0.0	0.0	0.0	0.0	0.00014969140766417287	0.0
Cycle_10	0.00015678421156517183	3.5627098921609482e-06	0.0	0.00372428023276434	0.0	0.01860583946970963	0.0	0.0009504274801096895	0.003499551834107195	1.0104267812410719	0.0	0.0	0.0	0.0	0.0	0.00010295251605824182	0.0	0.0	0.0	0.0	0.00014610362008205528	0.0
Cycle_11	0.0001603203395239587	2.62984221657158e-06	0.0	0.0037418713221561133	0.0	0.01727118703124216	0.0	0.0008442203978312959	0.0034508767774522014	1.0102358119798027	0.0	0.0	0.0	0.0	0.0	0.0001362022127536632	0.0	0.0	0.0	0.0	0.00015261284976761367	0.0
Cycle_12	0.0001608943541869992	2.9376969063895253e-06	0.0	0.0037524018559386323	0.0	0.016029514990711227	0.0	0.0007039492870899735	0.003092015267875295	1.0102788060028616	0.0	0.0	0.0	0.0	0.0	0.00016896645133946368	0.0	0.0	0.0	0.0	0.00016394046958130977	0.0
Cycle_13	0.00016121209956879376	2.712602272353389e-06	0.0	0.003771617966221727	0.0	0.014712649593365795	0.0	0.0006223103229476444	0.003005764286010819	1.0103079052289567	0.0	0.0	0.0	0.0	0.0	0.00019225031026050344	0.0	0.0	0.0	0.0	0.00017131950731793898	0.0
Cycle_14	0.00015894759843520647	2.684206983454049e-06	0.0	0.003800891545223409	0.0	0.01623082792302998	0.0	0.0007578552076391396	0.0032156353620531736	1.0103195753676866	0.0	0.0	0.0	0.0	0.0	0.00015238701663336897	0.0	0.0	0.0	0.0	0.00016153913464573275	0.0
Cycle_15	0.0001582039304164105	2.0248110493285266e-06	0.0	0.0038446537098665314	0.0	0.014968764799997777	0.0	0.0006613331229954022	0.0029335630006859592	1.0104001870627801	0.0	0.0	0.0	0.0	0.0	0.00018013255596497672	0.0	0.0	0.0	0.0	0.00016308496971508368	0.0
Cycle_16	0.00015927800746686545	3.1238837175532218e-06	0.0	0.003789189848075478	0.0	0.014692589678681681	0.0	0.00058963851454521	0.0028623724903999786	1.0102097814863173	0.0	0.0	0.0	0.0	0.0	0.00018730791606865228	0.0	0.0	0.0	0.0	0.0001812721464659114	0.0
Cycle_17	0.0001614782275939868	3.0261456961866855e-06	0.0	0.003836450255865266	0.0	0.013452731423507391	0.0	0.0005618048121327798	0.0029562010185235073	1.0102885416925869	0.0	0.0	0.0	0.0	0.0	0.00020076943228196966	0.0	0.0	0.0	0.0	0.00017964692578077788	0.0
Cycle_18	0.0001592476706687374	2.4865476332054683e-06	0.0	0.0038670299105107	0.0	0.014748183599242489	0.0	0.0006499011554993926	0.0029000780248959112	1.010180932319208	0.0	0.0	0.0	0.0	0.0	0.00017024684333507396	0.0	0.0	0.0	0.0	0.00017252050341906038	0.0
Cycle_19	0.0001605670982449898	2.428767779337539e-06	0.0	0.003880370739695062	0.0	0.012820747274684975	0.0	0.0004989153394160343	0.0026075760800306283	1.010277383425568	0.0	0.0	0.0	0.0	0.0	0.0002113222153713114	0.0	0.0	0.0	0.0	0.00018401671723667045	0.0
Cycle_20	0.00016299700342780298	2.3603931125300036e-06	0.0	0.003918678720977293	0.0	0.012844656029478863	0.0	0.00047220869592386785	0.002557999614304208	1.0103092666069036	0.0	0.0	0.0	0.0	0.0	0.0002129824347316174	0.0	0.0	0.0	0.0	0.00018824594063439332	0.0
Cycle_21	0.00016400515137582393	2.636533276486524e-06	0.0	0.0038802422410852177	0.0	0.014034421700586618	0.0	0.0005974756504101803	0.0028107267712577013	1.0103237199695891	0.0	0.0	0.0	0.0	0.0	0.00017731446423927493	0.0	0.0	0.0	0.0	0.00018057000968618804	0.0
Cycle_22	0.00016148377348660498	3.0986077525858538e-06	0.0	0.0038925477081624394	0.0	0.014449394274514655	0.0	0.0005838671763237253	0.0025523017375095915	1.0101782171044942	0.0	0.0	0.0	0.0	0.0	0.0001674011764457672	0.0	0.0	0.0	0.0	0.00018574724650413535	0.0
Cycle_23	0.0001602598952015568	2.5408104257796116e-06	0.0	0.0039050262699607996	0.0	0.014408300959243461	0.0	0.0005863333025403974	0.002688119030170913	1.0100760855080546	0.0	0.0	0.0	0.0	0.0	0.00016275453590030285	0.0	0.0	0.0	0.0	0.00018529226183483519	0.0
Cycle_24	0.00016174973626493038	2.8995779489365277e-06	0.0	0.0038600906261679556	0.0	0.014495532865326281	0.0	0.0006502033386932704	0.0027339525020341816	1.0101249041103997	0.0	0.0	0.0	0.0	0.0	0.00014893426570947152	0.0	0.0	0.0	0.0	0.00018537364221497037	0.0
Cycle_25	0.00016071592203883682	2.4032195862478726e-06	0.0	0.0038779062994932284	0.0	0.012886844132054858	0.0	0.0005016187157123147	0.0027338014134685195	1.0100952477372371	0.0	0.0	0.0	0.0	0.0	0.00018795177989184954	0.0	0.0	0.0	0.0	0.00018824988164917406	0.0
Cycle_26	0.00016291920940243235	3.0183759512135326e-06	0.0	0.0038440329690719688	0.0	0.013567420006763326	0.0	0.0004953060908347254	0.0027190002440389974	1.0100986441542685	0.0	0.0	0.0	0.0	0.0	0.00017790822843135234	0.0	0.0	0.0	0.0	0.00019375564127460746	0.0
Cycle_27	0.00016332538073388954	2.9068624649420767e-06	0.0	0.003848493136766903	0.0	0.012801169736031884	0.0	0.000502706446463551	0.002751691764245215	1.010124011742211	0.0	0.0	0.0	0.0	0.0	0.00018136894452437853	0.0	0.0	0.0	0.0	0.00019624435341623208	0.0
Cycle_28	0.0001586961679644548	2.8418486650443937e-06	0.0	0.0038186595829202553	0.0	0.012044126433854436	0.0	0.00044772657683844844	0.002538251887218753	1.0100248612364267	0.0	0.0	0.0	0.0	0.0	0.00019370105933151594	0.0	0.0	0.0	0.0	0.0001992110782278364	0.0
Cycle_29	0.00015933754646131547	2.5956632669606983e-06	0.0	0.003837207844797729	0.0	0.012855571908656384	0.0	0.0004980759821417652	0.0027123240841210833	1.0101981140250245	0.0	0.0	0.0	0.0	0.0	0.0001803355846701495	0.0	0.0	0.0	0.0	0.00019928265748094784	0.0
Cycle_30	0.0001634634707187027	2.9542602275326517e-06	0.0	0.0037839953132176164	0.0	0.012685837961715477	0.0	0.0005018842200765529	0.0025633797887747414	1.0100709106613879	0.0	0.0	0.0	0.0	0.0	0.00017523461138484314	0.0	0.0	0.0	0.0	0.00019849904485564013	0.0
Cycle_31	0.00016185904808872873	3.1768288330323386e-06	0.0	0.0037699149135524764	0.0	0.012490794237492872	0.0	0.0004273528778248202	0.0025749087397009688	1.0100944771861322	0.0	0.0	0.0	0.0	0.0	0.00018969365502425646	0.0	0.0	0.0	0.0	0.0002074819290554051	0.0
Cycle_32	0.00015955590659365637	2.7624264001350684e-06	0.0	0.003743726079622123	0.0	0.012301508320933081	0.0	0.0003858302290192481	0.002319065176755061	1.0097858039954422	0.0	0.0	0.0	0.0	0.0	0.0001862274301821167	0.0	0.0	0.0	0.0	0.0002201803669625734	0.0
Cycle_33	0.00016138323145491385	2.5986629153945306e-06	0.0	0.003717940766263554	0.0	0.014279678149302375	0.0	0.0005316589294317867	0.002375128268445409	1.0100414769224597	0.0	0.0	0.0	0.0	0.0	0.00014977894804523267	0.0	0.0	0.0	0.0	0.0002058667662381356	0.0
Cycle_34	0.00016420408749078574	2.9801533899502804e-06	0.0	0.003701070551080127	0.0	0.013204547325030562	0.0	0.00045757440309123306	0.002332681821016355	1.009991114102054	0.0	0.0	0.0	0.0	0.0	0.00016987229497827258	0.0	0.0	0.0	0.0	0.00021340426066011385	0.0
Cycle_35	0.00015879614021986166	2.9696527680684478e-06	0.0	0.0036908350721201856	0.0	0.014396060482308473	0.0	0.0005285346111707379	0.002408053448127114	1.010117102686986	0.0	0.0	0.0	0.0	0.0	0.00014791261407336542	0.0	0.0	0.0	0.0	0.00020362974171847425	0.0
Cycle_36	0.00016299838477712574	3.018875795190361e-06	0.0	0.003665307702388027	0.0	0.012149268450869126	0.0	0.0003875899581413517	0.0024548953285288945	1.0099975006800965	0.0	0.0	0.0	0.0	0.0	0.00018785676894523236	0.0	0.0	0.0	0.0	0.00022158039256494727	0.0
Cycle_37	0.00016033353733799945	2.547964502951885e-06	0.0	0.0036647651597190535	0.0	0.011794505522147758	0.0	0.0003739662712643165	0.0024369867682823058	1.0101199548006747	0.0	0.0	0.0	0.0	0.0	0.00018820806198290637	0.0	0.0	0.0	0.0	0.0002149344705432181	0.0
Cycle_38	0.00016136803180681606	3.2366086780626982e-06	0.0	0.003632863950913481	0.0	0.012783517774206036	0.0	0.0004430616197184764	0.0024424561306261804	1.0099939536417315	0.0	0.0	0.0	0.0	0.0	0.0001694534643303051	0.0	0.0	0.0	0.0	0.0002147340509403373	0.0
Cycle_39	0.00016719094353982725	3.1672643533459544e-06	0.0	0.003758143820817477	0.0004594877926238249	0.030573866554248038	0.0	0.0	0.0	1.011349884066657	0.0	0.0	0.0	0.0	0.0	0.0004533933765704935	0.0	0.0	0.0	0.0	0.00022240788271830228	0.0
Cycle_40	0.02367936195865475	2.2412360054684485e-06	0.0	0.005436538491213383	0.0	0.012409263718606386	0.0	0.0003819267980275796	0.0019869762584750986	1.0102140842471259	0.0	0.0	0.0	0.0	8.430634542761693e-05	0.0002045392293990433	0.0	0.0	0.0	0.0	0.00022070602037836497	0.0
Cycle_41	0.00017795428913320723	2.515140283431761e-06	0.0	0.0040069713713580465	0.0	0.011907766437182079	0.0	0.00034896103744027376	0.002277019963421121	1.0102416739403761	0.0	0.0	0.0	0.0	0.0	0.0002055932877447179	0.0	0.0	0.0	0.0	0.00022769148200175364	0.0
Cycle_42	0.0001676213540619041	2.92429862849933e-06	0.0	0.0037613932655873603	0.0	0.012584070440393991	0.0	0.0003935218287835668	0.002183147315683363	1.0099207640720296	0.0	0.0	0.0	0.0	0.0	0.00018399227488864834	0.0	0.0	0.0	0.0	0.0002240533680497973	0.0
Cycle_43	0.00017143502482031882	3.5550337159927542e-06	0.0	0.003702718278875613	0.0	0.01203193482447	0.0	0.0003835497466865213	0.002467319790861263	1.0099574329795022	0.0	0.0	0.0	0.0	0.0	0.0001847727867888683	0.0	0.0	0.0	0.0	0.00022509015960605328	0.0
Cycle_44	0.0001698313319301235	3.2240307521842946e-06	0.0	0.0036835266728904043	0.0	0.011764772920277783	0.0	0.00034935795315899087	0.0022523939959762738	1.0100110036139194	0.0	0.0	0.0	0.0	0.0	0.000190121117248612	0.0	0.0	0.0	0.0	0.00022682458124153576	0.0
Cycle_45	0.0001671112182261029	3.402071690399662e-06	0.0	0.003630917288795021	0.0	0.011799420027911138	0.0	0.00032537115459358454	0.0021398358949638666	1.0099282828892566	0.0	0.0	0.0	0.0	0.0	0.0001921612987521998	0.0	0.0	0.0	0.0	0.00022656167511987514	0.0
Cycle_46	0.00017078188865768913	2.953028058720966e-06	0.0	0.003601707368529247	0.0	0.011337262202398356	0.0	0.00028388112668730305	0.002246346100718267	1.0099480736383435	0.0	0.0	0.0	0.0	0.0	0.00019989568556224723	0.0	0.0	0.0	0.0	0.00023961912779208683	0.0
Cycle_47	0.0001678831004515395	2.9801251360364904e-06	0.0	0.0035859586038586794	0.0	0.010565361213366774	0.0	0.00025254579295965347	0.0021290169492449574	1.0100378645420285	0.0	0.0	0.0	0.0	0.0	0.00021208117100158692	0.0	0.0	0.0	0.0	0.00023500719353591415	0.0
Cycle_48	0.00016622186474644845	3.109422204422628e-06	0.0	0.003590133983732813	0.0	0.010707664406278739	0.0	0.0002689168176692022	0.0019521631299580467	1.0098622679307092	0.0	0.0	0.0	0.0	0.0	0.0002003460074201078	0.0	0.0	0.0	0.0	0.00024197286823726853	0.0
Cycle_49	0.00016632578528829418	2.9822087094622074e-06	0.0	0.0035775998207357783	0.0	0.012037672308938669	0.0	0.0003140038579746605	0.0021357026693934063	1.0099654634120865	0.0	0.0	0.0	0.0	0.0	0.00018207378862610937	0.0	0.0	0.0	0.0	0.00023772507211558563	0.0
Cycle_50	0.00016703235082704407	4.1800942194793905e-06	0.0	0.0035776622510584393	0.0	0.01131594703060569	0.0	0.0002904725276758541	0.002017431669871877	1.0099154686398082	0.0	0.0	0.0	0.0	0.0	0.00019425936699082872	0.0	0.0	0.0	0.0	0.0002394448046971101	0.0
Cycle_51	0.00016712024472085262	3.12240460693475e-06	0.0	0.003543756342181412	0.0	0.011172025350807954	0.0	0.00028368516964120976	0.002121192074938538	1.0101262054047626	0.0	0.0	0.0	0.0	0.0	0.00020103593993063348	0.0	0.0	0.0	0.0	0.00022713836024658432	0.0
Cycle_52	0.0001669907471110967	4.0887522353643014e-06	0.0	0.0035414349643749198	0.0	0.010593621573470123	0.0	0.00021683304091966	0.0022694988864378355	1.0101383700061137	0.0	0.0	0.0	0.0	0.0	0.00021756735168860215	0.0	0.0	0.0	0.0	0.00023018046621154227	0.0
Cycle_53	0.00016722135045011883	3.6846832049161975e-06	0.0	0.003548981195520574	0.0	0.010394953065398643	0.0	0.0002629516200829678	0.0022615423064298507	1.0099158825924583	0.0	0.0	0.0	0.0	0.0	0.0002038813738306551	0.0	0.0	0.0	0.0	0.00023369527512919486	0.0
Cycle_54	0.00017102606773281178	3.43489564284859e-06	0.0	0.003496696498692959	0.0	0.01171955234685303	0.0	0.0003261115032737538	0.002126098567134832	1.009899366390468	0.0	0.0	0.0	0.0	0.0	0.00018139189273245682	0.0	0.0	0.0	0.0	0.00023849663744806988	0.0
Cycle_55	0.00016728757992088132	3.649740851753851e-06	0.0	0.0034917273501369798	0.0	0.010621648037489549	0.0	0.00023552909784340731	0.0020876568437799476	1.0098621382088495	0.0	0.0	0.0	0.0	0.0	0.00020020620290210492	0.0	0.0	0.0	0.0	0.00023955125823927828	0.0
Cycle_56	0.00017022623185537175	3.988318388720406e-06	0.0	0.003444818185031028	0.0	0.011152177071224777	0.0	0.0002961612683094917	0.002091868421280465	1.0098019404033345	0.0	0.0	0.0	0.0	0.0	0.0001870172438405781	0.0	0.0	0.0	0.0	0.00023439095746422968	0.0
Cycle_57	0.00016767323782014828	3.6548281700370675e-06	0.0	0.003451645067380566	0.0	0.010417298964475293	0.0	0.00023087140265646322	0.00206736799331798	1.0098785333886933	0.0	0.0	0.0	0.0	0.0	0.00020147120814575204	0.0	0.0	0.0	0.0	0.00023686213782996113	0.0
Cycle_58	0.0001702353234090731	3.436792357302003e-06	0.0	0.0034068342625814757	0.0	0.010685942938022427	0.0	0.0002563517335505995	0.0020682399972672414	1.0099016405477588	0.0	0.0	0.0	0.0	0.0	0.00019510107540766382	0.0	0.0	0.0	0.0	0.00024095354171275887	0.0
Cycle_59	0.00016887634983631997	2.626761270357609e-06	0.0	0.0034235277920202298	0.0	0.010299576746497036	0.0	0.00018448803626985684	0.001925368160696207	1.0099252136790673	0.0	0.0	0.0	0.0	0.0	0.00021262451203220615	0.0	0.0	0.0	0.0	0.00024404246748464383	0.0
Cycle_60	0.0001738454500369899	2.6358635710201036e-06	0.0	0.003396648116190509	0.0	0.010810359805160423	0.0	0.0002479066778414375	0.0021149281140165925	1.0096862083823177	0.0	0.0	0.0	0.0	0.0	0.00018966653964887697	0.0	0.0	0.0	0.0	0.00025637897581925345	0.0
Cycle_61	0.00017316912255811953	2.8524813857966408e-06	0.0	0.0033916328492841776	0.0	0.010348569712887693	0.0	0.0002364011637817614	0.0021127403003679338	1.0099155137062115	0.0	0.0	0.0	0.0	0.0	0.0001979687115024286	0.0	0.0	0.0	0.0	0.00024214870527602785	0.0
Cycle_62	0.00017181058252321567	3.699936792630629e-06	0.0	0.003320640359789621	0.0	0.01155789862914714	0.0	0.00029337773067221625	0.0021705870656490815	1.009862881409718	0.0	0.0	0.0	0.0	0.0	0.00017963081362417342	0.0	0.0	0.0	0.0	0.00023571068305053904	0.0
Cycle_63	0.0001725874364224977	3.728901582885594e-06	0.0	0.003330274528704026	0.0	0.00993906673083221	0.0	0.0001730342287122703	0.001942536147007945	1.0098737599130068	0.0	0.0	0.0	0.0	0.0	0.00021052436166807813	0.0	0.0	0.0	0.0	0.00024439366513635347	0.0
Cycle_64	0.00017125451335874426	3.1606966611722625e-06	0.0	0.003328595046267153	0.0	0.010001691177661502	0.0	0.0001894703180127922	0.001982706623049964	1.0099815535782026	0.0	0.0	0.0	0.0	0.0	0.00021211423130374364	0.0	0.0	0.0	0.0	0.000231151289837689	0.0
Cycle_65	0.00017487842578672077	2.9067385425694415e-06	0.0	0.003256989174975817	0.0	0.010154248856459573	0.0	0.00019555618469361887	0.002065614642751231	1.0097944319679057	0.0	0.0	0.0	0.0	0.0007335616079063516	0.00022229744749523156	0.0	0.0	0.0	0.0	0.00024559708388669426	0.0
Cycle_66	0.0903656409631368	4.423545136852253e-06	0.0003236816745115581	0.005703153034774563	0.00829819054049462	0.032181660313372114	0.002083816618444839	0.0	0.0	1.0100199995577193	0.0	0.0	0.0	0.0	0.0	0.00043289936598131485	0.0	3.256953894160522e-05	0.0	0.0	0.000391921022162423	0.0
Cycle_67	0.2696947488297323	3.747569247833512e-06	0.0003813963899567233	0.005454804117226873	0.008634232634817857	0.0324589957602818	0.003115263103798837	0.0	0.0	1.0097977263818252	0.0	0.0	0.0	0.0	0.0	0.00042033473084347403	0.0	3.053090820061886e-05	0.0	0.0	0.0004270970480987892	0.0
Cycle_68	0.26711628009932253	4.799124700264105e-06	0.0004045940501113682	0.005407927496027802	0.008089300443219387	0.03283278442550528	0.0036225705428816614	0.0	0.0	1.0099884962917423	0.0	0.0	0.0	0.0	0.0	0.0004124051549103045	0.0	3.138899228815776e-05	0.0	0.0	0.00042485571420356475	0.0
Cycle_69	0.2710186684280304	4.754306660490393e-06	0.00036608304112803046	0.005421149549698661	0.008521132159898652	0.03242086223162506	0.0036941207796752687	0.0	0.0	1.0101314594067294	0.0	0.0	0.0	0.0	0.0	0.0004215063527523316	0.0	3.6453365666764465e-05	0.0	0.0	0.0004218236488371638	0.0
Cycle_70	0.2703857095443776	5.505678176126526e-06	0.00039063955117293875	0.005315521128582313	0.008519127677242718	0.03155852095604869	0.0034483840377367756	0.0	0.0	1.0101882684857009	0.0	0.0	0.0	0.0	0.0	0.00042989286898309595	0.0	3.6388268799439695e-05	0.0	0.0	0.0004285843702101869	0.0
Cycle_71	0.27511278559871294	6.051119750193675e-06	0.0004570627891172948	0.005325398716329149	0.008937967581408674	0.0314990876050008	0.0034094498041766525	0.0	0.0	1.0102510193820742	0.0	0.0	0.0	0.0	0.0	0.00043146301801025923	0.0	4.652330383914296e-05	0.0	0.0	0.00043518775382506993	0.0
Cycle_72	0.27006306479434455	5.307475369448634e-06	0.0004237584735109624	0.0052618950542657125	0.008753509066370624	0.031122163015829107	0.0033770203121955998	0.0	0.0	1.0102336730281234	0.0	0.0	0.0	0.0	0.0	0.0004306374375729267	0.0	4.454284931540993e-05	0.0	0.0	0.0004360855163121082	0.0
Cycle_73	0.27896875226785767	6.525499585289542e-06	0.00045850010930636347	0.005231170333877001	0.009010707559980333	0.031065332351247393	0.003269009645571192	0.0	0.0	1.0103385490544166	0.0	0.0	0.0	0.0	0.0	0.00043825580035513094	0.0	4.903213779092085e-05	0.0	0.0	0.00044028282818837054	0.0
Cycle_74	0.27469878491147104	6.07827593021446e-06	0.00045630252466908255	0.005206978155730422	0.00923233459716757	0.03029033488125422	0.003119681049611503	0.0	0.0	1.0102778603425349	0.0	0.0	0.0	0.0	0.0	0.000438650567018753	0.0	4.5552654894421814e-05	0.0	0.0	0.00043957127314259853	0.0
Cycle_75	0.27699015950825806	6.0840716067994335e-06	0.0005028798635687471	0.005168130728871417	0.009508760876451045	0.030034903678514267	0.0029572946957329926	0.0	0.0	1.0103544915051133	0.0	0.0	0.0	0.0	0.0	0.0004408014058478434	0.0	4.908298144934988e-05	0.0	0.0	0.0004393622258566431	0.0
Cycle_76	0.27595178250406754	6.7939747546997544e-06	0.0004671216378873695	0.005199063824075167	0.009548195212070025	0.030544438682012773	0.0029754092840684524	0.0	0.0	1.0103802144564507	0.0	0.0	0.0	0.0	0.0	0.00044796494960856845	0.0	4.671116118838396e-05	0.0	0.0	0.00045123832685124027	0.0
Cycle_77	0.27694607155954815	7.268084759308945e-06	0.0004408785026676646	0.005121416199269982	0.00946740483161108	0.030443597154794354	0.00291650925100392	0.0	0.0	1.0103953200112392	0.0	0.0	0.0	0.0	0.0	0.0004423499810877623	0.0	4.979985889416628e-05	0.0	0.0	0.0004465458798802895	0.0
Cycle_78	0.27997479041308365	7.258641918004541e-06	0.0004890100607290686	0.005082767414175433	0.009776888745846476	0.029589758748493643	0.00264950817741297	0.0	0.0	1.010402596335523	0.0	0.0	0.0	0.0	0.0	0.00044579866612488015	0.0	4.7124296779372173e-05	0.0	0.0	0.0004618338749564356	0.0
Cycle_79	0.2824775991893356	7.316596873054558e-06	0.00046806085867385816	0.0050229714870326835	0.009997740429189564	0.029300814449921258	0.002441914006839516	0.0	0.0	1.0104474088411408	0.0	0.0	0.0	0.0	0.0	0.0004574648264588298	0.0	5.582628315436866e-05	0.0	0.0	0.0004430042226591168	0.0
Cycle_80	0.2786815433811297	7.444395980591638e-06	0.0004764581376457915	0.004996236194436006	0.009949599815266883	0.02949185993152208	0.00247449379862888	0.0	0.0	1.010404583290182	0.0	0.0	0.0	0.0	0.0	0.0004591648165215353	0.0	5.759894497656042e-05	0.0	0.0	0.00045037539309742455	0.0
Cycle_81	0.28049899871095835	7.4214977054486e-06	0.00042258794847611415	0.004969840503880237	0.010220578359393679	0.029430277544080688	0.0023045028425980048	0.0	0.0	1.0105256837396472	0.0	0.0	0.0	0.0	0.0	0.0004693942360151789	0.0	5.019097690667159e-05	0.0	0.0	0.00044209269322476535	0.0
Cycle_82	0.2802606090328595	8.186024756576488e-06	0.0004898641887015016	0.004868381771672695	0.010275159626343821	0.028729437540724507	0.002182416013779738	0.0	0.0	1.0105075259334941	0.0	0.0	0.0	0.0	0.0	0.0004692007741352669	0.0	5.454305947596677e-05	0.0	0.0	0.0004642901970213997	0.0
Cycle_83	0.2857793355901057	7.963791063046873e-06	0.00046788160087703185	0.00491723785207597	0.010135770858893561	0.029084410430929086	0.0021822799754058655	0.0	0.0	1.0105825146534373	0.0	0.0	0.0	0.0	0.0	0.0004712657048119224	0.0	5.186987680134543e-05	0.0	0.0	0.0004607222483654976	0.0
Cycle_84	0.2787401390836457	8.718634477216812e-06	0.0005379485503700042	0.004828453996701371	0.010449695924386885	0.028901484504604173	0.002032437469711827	0.0	0.0	1.010587962328792	0.0	0.0	0.0	0.0	0.0	0.00046504074131968544	0.0	5.193672372315353e-05	0.0	0.0	0.00045655155756299325	0.0
Cycle_85	0.2827704396722478	9.42204662833263e-06	0.0006238566913286041	0.004790312588025624	0.010388639152583683	0.028467994567353497	0.0020174526431813457	0.0	0.0	1.0105614669851113	0.0	0.0	0.0	0.0	0.0	0.00046779470899519757	0.0	5.124227445373823e-05	0.0	0.0	0.00046123602819300697	0.0
Cycle_86	0.2818508318553002	7.741618328781913e-06	0.0004694307293796047	0.0047507428300321754	0.010390487365308286	0.02824484113461197	0.0018872978253405765	0.0	0.0	1.0105257401907957	0.0	0.0	0.0	0.0	0.0	0.00046545923821732574	0.0	5.3865507339828026e-05	0.0	0.0	0.0004671149919203568	0.0
Cycle_87	0.28215628735912607	9.368541398476718e-06	0.0006415242022178841	0.004707000642132276	0.010424519817304786	0.028019475712570265	0.001885594039285005	0.0	0.0	1.010522280770486	0.0	0.0	0.0	0.0	0.0	0.0004717795872087287	0.0	5.302879092901191e-05	0.0	0.0	0.0004677042246317787	0.0
Cycle_88	0.2828546336582196	8.637130961761867e-06	0.0005460551486833341	0.004741531348558442	0.010662182078820286	0.028094052187661287	0.0018362538520902225	0.0	0.0	1.0105696522073508	0.0	0.0	0.0	0.0	0.0	0.0004792496957077006	0.0	6.019481133634806e-05	0.0	0.0	0.0004605690301853029	0.0
Cycle_89	0.28358135743664403	9.546798375644437e-06	0.0005248649067192713	0.00466909778060253	0.010633413145984975	0.02798097578663926	0.0017167072222971434	0.0	0.0	1.010503314893224	0.0	0.0	0.0	0.0	0.0	0.00047776134457078054	0.0	5.320733909927853e-05	0.0	0.0	0.00046345953531644606	0.0
Cycle_90	0.2803707682918223	9.656641844480265e-06	0.000311249677235894	0.004696742470667841	0.01058644216369901	0.027854993267779432	0.0017538910691464022	0.0	0.0	1.0105567110315803	0.0	0.0	0.0	0.0	0.0	0.0004773847485685194	0.0	4.8787037181118053e-05	0.0	0.0	0.00046707357711626085	0.0
Cycle_91	0.2830770872082904	9.722725059570583e-06	0.0005558682143724898	0.004643510531966461	0.010699369493764106	0.02759417964917673	0.0015797692631353767	0.0	0.0	1.0106004466520282	0.0	0.0	0.0	0.0	0.0	0.0004740128119717395	0.0	5.7823845404090766e-05	0.0	0.0	0.000465615115028173	0.0
Cycle_92	0.2813068982290525	9.148887101834266e-06	0.0005619999985070326	0.004586964682358271	0.010691204914968144	0.028170646767329728	0.0016768039647716505	0.0	0.0	1.0105909072587664	0.0	0.0	0.0	0.0	0.0	0.0004790404453944291	0.0	5.4292899177392396e-05	0.0	0.0	0.00046377388678064957	0.0
Cycle_93	0.2832439299115667	9.904399703006511e-06	0.0005615664335390908	0.004554065439853667	0.010722737351954018	0.027676908456814857	0.0015536652178618695	0.0	0.0	1.0105718823665855	0.0	0.0	0.0	0.0	0.0	0.0004735069403478527	0.0	4.775603532994938e-05	0.0	0.0	0.00048045076510162945	0.0
Cycle_94	0.28598397683060034	9.421429732695246e-06	0.0005737860198211127	0.004560491096474928	0.01105408437940357	0.027502623930474136	0.0014251652220642077	0.0	0.0	1.0105563180956452	0.0	0.0	0.0	0.0	0.0	0.00047860936385790996	0.0	4.906596702936e-05	0.0	0.0	0.00048056456166237715	0.0
Cycle_95	0.28683680425612135	9.52058114873954e-06	0.0005358754720606629	0.004559957279677245	0.010791087388673045	0.027663989306215577	0.0015296578704087924	0.0	0.0	1.0105936092039076	0.0	0.0	0.0	0.0	0.0	0.00048262063880733554	0.0	5.266162917231769e-05	0.0	0.0	0.00046789657455158126	0.0
Cycle_96	0.2869267606194854	9.746475239200028e-06	0.0006385555647218614	0.0045820925774245225	0.010960613666630523	0.02752315302586521	0.001368820684546745	0.0	0.0	1.010617242145152	0.0	0.0	0.0	0.0	0.0	0.0004813593393010091	0.0	5.2113626667353766e-05	0.0	0.0	0.00047703735111748874	0.0
Cycle_97	0.28817490235416116	1.0743834083840314e-05	0.0005981338225621286	0.00450083428258183	0.010883069430091919	0.027644248184907277	0.0013881266523238557	0.0	0.0	1.0105810834745463	0.0	0.0	0.0	0.0	0.0	0.00048526564592668326	0.0	5.7592005201261656e-05	0.0	0.0	0.0004727649424804789	0.0
Cycle_98	0.28409272000279334	1.1014700177026493e-05	0.0006020203309193028	0.004464589766585906	0.01074104570778924	0.027284502372671767	0.0013063261093441206	0.0	0.0	1.0105788397766262	0.0	0.0	0.0	0.0	0.0	0.00048523146043254303	0.0	4.3948222447475486e-05	0.0	0.0	0.0004834672168553127	0.0
Cycle_99	0.28646419664985673	9.456172419696168e-06	0.0005389943495677686	0.00446544499914564	0.010938937321257697	0.027519469239439424	0.0013213533566445211	0.0	0.0	1.0105939858867925	0.0	0.0	0.0	0.0	0.0	0.00047581892267474366	0.0	4.9267723770398663e-05	0.0	0.0	0.00047805880752904044	0.0
Cycle_100	0.28282762017335916	9.037715438883417e-06	0.0006147171360936241	0.004389326605598951	0.010956187757722459	0.027701596370177356	0.0013295722424249983	0.0	0.0	1.0105987492373842	0.0	0.0	0.0	0.0	0.0	0.00048054531703075096	0.0	5.204583364155481e-05	0.0	0.0	0.00047957071197187216	0.0
Cycle_101	0.28717542138158675	1.0186493526815363e-05	0.0005442716285863038	0.0044016508903473705	0.011083662607118908	0.027681623862717032	0.001221431709389979	0.0	0.0	1.0105862951186775	0.0	0.0	0.0	0.0	0.0	0.00048648968212704826	0.0	5.3130511297204995e-05	0.0	0.0	0.00048362545690970913	0.0
Cycle_102	0.2890917392827446	9.432277708998728e-06	0.0005472549906700049	0.004399508234003341	0.011048482863811639	0.027408531427092677	0.0012556791773383098	0.0	0.0	1.0105579058236376	0.0	0.0	0.0	0.0	0.0	0.0004819598953240445	0.0	5.0037275007701414e-05	0.0	0.0	0.0004865108691455699	0.0
Cycle_103	0.29003184236790036	1.0106963617600984e-05	0.0005274725559392205	0.0043634882845900854	0.011161805715853408	0.02738047629934135	0.0011348590423205243	0.0	0.0	1.0105249080263798	0.0	0.0	0.0	0.0	0.0	0.00048043638848465075	0.0	5.208074295122636e-05	0.0	0.0	0.0004875891802945015	0.0
Cycle_104	0.2880830391407687	1.0095817903099256e-05	0.0006193624243347967	0.004371058415551232	0.01119879893019867	0.027299145347566094	0.001098865885754372	0.0	0.0	1.0106213383342488	0.0	0.0	0.0	0.0	0.0	0.0004923711503504917	0.0	5.030144445863601e-05	0.0	0.0	0.00048974207712211	0.0
Cycle_105	0.28992889851099063	1.0197034440536344e-05	0.00047514175171523845	0.004355358363632296	0.0111857202530836	0.027357803671666348	0.0010950256022364897	0.0	0.0	1.0106480355029726	0.0	0.0	0.0	0.0	0.0	0.00048748889217761906	0.0	5.4984698955860753e-05	0.0	0.0	0.0004822922444839522	0.0
Cycle_106	0.2941110830475482	9.153710647240515e-06	0.000587664885168054	0.004324679013052391	0.011172815061144389	0.02728733922716517	0.0010542485997102869	0.0	0.0	1.0106055606763067	0.0	0.0	0.0	0.0	0.0	0.0004889581744412519	0.0	4.803341606654666e-05	0.0	0.0	0.0004869013458715851	0.0
Cycle_107	0.2877460291007725	1.0592069900787276e-05	0.0005226206891181214	0.004335748703680911	0.011118750462043773	0.0271821311064919	0.001043650816543364	0.0	0.0	1.0105827514548653	0.0	0.0	0.0	0.0	0.0	0.0004783649325797606	0.0	4.029883818888819e-05	0.0	0.0	0.0004964828032569172	0.0
Cycle_108	0.2889042898028946	9.930945391841914e-06	0.0006182430367007241	0.004315306095544776	0.01123858163880655	0.027272616012995427	0.0009767902718383161	0.0	0.0	1.0106145586987805	0.0	0.0	0.0	0.0	0.0	0.0004799592817967365	0.0	4.6164706824474134e-05	0.0	0.0	0.0004954292355924579	0.0
Cycle_109	0.2933917510234894	1.0649772246178462e-05	0.0006284488301392032	0.0042890440529367805	0.01124640175209483	0.0271126512105595	0.0008954741887775992	0.0	0.0	1.0106412195968846	0.0	0.0	0.0	0.0	0.0	0.00048582267506852697	0.0	4.642719097751607e-05	0.0	0.0	0.0004947999432172504	0.0
Cycle_110	0.289894257619423	1.0904942007669192e-05	0.0006385842680644158	0.004300220885607776	0.011227234166421676	0.027386144466304746	0.0009344317206664668	0.0	0.0	1.0105566722691586	0.0	0.0	0.0	0.0	0.0	0.00048126875276256265	0.0	4.88654231769108e-05	0.0	0.0	0.0004948512351995695	0.0
Cycle_111	0.29383892835970865	1.0427086813523032e-05	0.0005891574423876953	0.004295725090741171	0.011313898812268887	0.02717835217670808	0.0009162195674435933	0.0	0.0	1.0106129889473476	0.0	0.0	0.0	0.0	0.0	0.0004827614261612652	0.0	4.670470748002092e-05	0.0	0.0	0.0004946981054741911	0.0
Cycle_112	0.2918947622589031	1.0434731112327934e-05	0.0005529745220491358	0.004284028747484096	0.01096462920114535	0.026630128146166925	0.0009116943410172027	0.0	0.0	1.010571989177	0.0	0.0	0.0	0.0	0.0	0.0004803086091850378	0.0	4.437707861941838e-05	0.0	0.0	0.0005009976985034857	0.0
Cycle_113	0.2903062125026578	9.439657460163001e-06	0.0003963723352573246	0.004272118441392989	0.011249626169237938	0.02727630370786277	0.0009296441754409098	0.0	0.0	1.010637910959772	0.0	0.0	0.0	0.0	0.0	0.0004889341841457945	0.0	4.9653480745644445e-05	0.0	0.0	0.0004995547019174307	0.0
Cycle_114	0.289985002314151	9.56836985626649e-06	0.0005473112643511277	0.004234304230375317	0.011283291051803432	0.026964418014525253	0.0008350477601843773	0.0	0.0	1.010615149966772	0.0	0.0	0.0	0.0	0.0	0.0004884336800963575	0.0	4.9773254830751525e-05	0.0	0.0	0.0004993930901461786	0.0
Cycle_115	0.29255133638975134	9.602158561439363e-06	0.0006576414681365393	0.0042387120417388385	0.011683522708860597	0.027318873862655815	0.0008199204465760668	0.0	0.0	1.0106478594089126	0.0	0.0	0.0	0.0	0.0	0.00048633723644029073	0.0	4.362522236474878e-05	0.0	0.0	0.0004978374354833536	0.0
Cycle_116	0.2915544177799594	1.030256354050274e-05	0.000552889903884519	0.004257568781234731	0.011018321683421073	0.027027355064861147	0.0008967750298332478	0.0	0.0	1.0106536085285625	0.0	0.0	0.0	0.0	0.0	0.0004974203818396864	0.0	4.706591951902255e-05	0.0	0.0	0.0005014515698762785	0.0
Cycle_117	0.2916830848133485	1.044878114762665e-05	0.0006898803771149943	0.004217771637328882	0.01115597259218298	0.02705520978557984	0.0007833394616721884	0.0	0.0	1.0106729000793164	0.0	0.0	0.0	0.0	0.0	0.0004943488907592069	0.0	4.269698592082223e-05	0.0	0.0	0.0005058910561129223	0.0
Cycle_118	0.2943001194462591	1.0625187629653026e-05	0.0006409521063476291	0.004199942407494806	0.011320815145233669	0.027123874919694275	0.0008052543068664826	0.0	0.0	1.0106621749964086	0.0	0.0	0.0	0.0	0.0	0.0004935252121252468	0.0	4.7031553374522404e-05	0.0	0.0	0.0004974350596304532	0.0
Cycle_119	0.29322439392767985	9.83101653577532e-06	0.000635316797470503	0.004249759787872168	0.011479110448307659	0.02711263043521175	0.0007075874987572235	0.0	0.0	1.010688966466513	0.0	0.0	0.0	0.0	0.0	0.0004959317696802207	0.0	4.1721579687422266e-05	0.0	0.0	0.0005016688239714415	0.0
Cycle_120	0.2972480964903252	1.040403613525488e-05	0.0006271995445806253	0.004218643917949926	0.011271021104929946	0.027114053726450205	0.0007246861069784764	0.0	0.0	1.0106641045253923	0.0	0.0	0.0	0.0	0.0	0.0004926053610087264	0.0	4.32431651484927e-05	0.0	0.0	0.0005075509322252858	0.0
Cycle_121	0.29653209489147536	1.0677018929385735e-05	0.0005151116515463625	0.004191501968849885	0.011417335049236733	0.027157665972194954	0.000678356337723403	0.0	0.0	1.0106380753713218	0.0	0.0	0.0	0.0	0.0	0.00048751817670678624	0.0	4.4156702810582865e-05	0.0	0.0	0.0005169564148179296	0.0
Cycle_122	0.2945148436648176	9.787295523077072e-06	0.0005538759600194716	0.0041996921569432645	0.01153150995964892	0.027107377852428845	0.0007191496576727806	0.0	0.0	1.0106621621068332	0.0	0.0	0.0	0.0	0.0	0.0004935868982983624	0.0	4.834492205594914e-05	0.0	0.0	0.0004982343354279686	0.0
Cycle_123	0.29792906762555754	1.0543007253174038e-05	0.0006548238285680147	0.004202833424705664	0.011443068909026894	0.02713606912892469	0.0006750550349966306	0.0	0.0	1.0106726593362856	0.0	0.0	0.0	0.0	0.0	0.0004921502175724687	0.0	4.5529896491817736e-05	0.0	0.0	0.000502703974619156	0.0
Cycle_124	0.29538623014583415	9.961997420563143e-06	0.0005510511049130045	0.004189952498479519	0.011372707958675123	0.026825326691902376	0.0006435670486970793	0.0	0.0	1.0106592659930143	0.0	0.0	0.0	0.0	0.0	0.000502040690384205	0.0	4.218821225534884e-05	0.0	0.0	0.0005186731184247162	0.0
Cycle_125	0.2989886303110761	1.1437723248780844e-05	0.0006006532928634992	0.00417456116757327	0.011510048147980236	0.027143116187949855	0.0006508032283811065	0.0	0.0	1.0106618467790796	0.0	0.0	0.0	0.0	0.0	0.0004932440608351429	0.0	4.3527634410676246e-05	0.0	0.0	0.0005139524405384851	0.0
Cycle_126	0.29478342852016515	1.0799829050135864e-05	0.0005925552798381918	0.004219908150420981	0.01153414970217916	0.027073958899913344	0.0006024304766823923	0.0	0.0	1.0106604636702388	0.0	0.0	0.0	0.0	0.0	0.0004961745387305162	0.0	4.552292185874595e-05	0.0	0.0	0.0005097385788818029	0.0
Cycle_127	0.2975544583540487	9.955482674033197e-06	0.0006135622026655023	0.004172069874326296	0.011587642400636984	0.027279182298463853	0.0006187721542716451	0.0	0.0	1.0106382148175626	0.0	0.0	0.0	0.0	0.0	0.0004943148779975757	0.0	4.246917044093777e-05	0.0	0.0	0.0005186430971459753	0.0
Cycle_128	0.2994378923197743	9.82205890695157e-06	0.0005373714447572927	0.004180515609590184	0.01145412812565818	0.027171714467599414	0.0006242398670806491	0.0	0.0	1.0106190938351078	0.0	0.0	0.0	0.0	0.0	0.000489008156459939	0.0	4.210584649719529e-05	0.0	0.0	0.0005134677277311923	0.0
Cycle_129	0.29666506927455755	1.0946296599559e-05	0.0005518687365819461	0.004139396323326483	0.011453299687786876	0.027010143203418498	0.0005698834782083465	0.0	0.0	1.010672938666215	0.0	0.0	0.0	0.0	0.0	0.0004901984570975308	0.0	4.1768137598826265e-05	0.0	0.0	0.0005210701628303258	0.0
Cycle_130	0.29843577495835705	9.619396323662897e-06	0.0005695532594938666	0.004146175838899795	0.011544828056264136	0.027028350622622214	0.0005391955072643873	0.0	0.0	1.0106441762624232	0.0	0.0	0.0	0.0	0.0	0.0004939876425031157	0.0	4.5132640125854424e-05	0.0	0.0	0.000515634491174758	0.0
Cycle_131	0.30029950960617774	1.0799050435251817e-05	0.0006533750617263239	0.00412239418561386	0.01131501685002587	0.02685298602116918	0.0005344659146521067	0.0	0.0	1.0106348911176726	0.0	0.0	0.0	0.0	0.0	0.0004930866408129172	0.0	3.684341393657065e-05	0.0	0.0	0.0005231677520547326	0.0
Cycle_132	0.2985757217218455	1.0353858608434406e-05	0.0006045073836398312	0.004143848321961483	0.011531077952476383	0.026907901700601217	0.000496087769742169	0.0	0.0	1.0106747841779364	0.0	0.0	0.0	0.0	0.0	0.0005069025091696029	0.0	4.222728894086224e-05	0.0	0.0	0.0005195670198654147	0.0
Cycle_133	0.30210737474633714	1.0190905413861922e-05	0.0006648859120124916	0.004129941151339614	0.011626504740793166	0.0271502811860778	0.0004978441624969515	0.0	0.0	1.010679967460007	0.0	0.0	0.0	0.0	0.0	0.0004938095472193888	0.0	4.129959749136e-05	0.0	0.0	0.0005182222262340152	0.0
Cycle_134	0.30038551016103676	9.974185896919707e-06	0.0005649826855087081	0.004091826163501979	0.011429254988987909	0.02685188586142818	0.0005353882273001418	0.0	0.0	1.0106635140055957	0.0	0.0	0.0	0.0	0.0	0.0004938400284631767	0.0	4.4325372815870094e-05	0.0	0.0	0.0005163065345610575	0.0
Cycle_135	0.3001775940385762	1.1276328144219376e-05	0.0006629095596204886	0.004117131742387459	0.011530855775198362	0.02693758338189097	0.00047432400305936985	0.0	0.0	1.0106621420159136	0.0	0.0	0.0	0.0	0.0	0.0004984633891951885	0.0	4.029094203615017e-05	0.0	0.0	0.000530489313699231	0.0
Cycle_136	0.3007812435026438	1.0829888479969461e-05	0.0005085597534716594	0.004107654605129347	0.011604090678106945	0.027050399287004742	0.00046602664362185614	0.0	0.0	1.010692867401357	0.0	0.0	0.0	0.0	0.0	0.0005019060937822702	0.0	4.219837045445993e-05	0.0	0.0	0.0005233105911542057	0.0
Cycle_137	0.3003981563449571	9.954563748817871e-06	0.000658965483570146	0.004115427048436859	0.011609588876884494	0.026930912584567847	0.0004632742319822573	0.0	0.0	1.01065962101159	0.0	0.0	0.0	0.0	0.0	0.0004973808555729391	0.0	4.3074205909635853e-05	0.0	0.0	0.0005254070601023058	0.0
Cycle_138	0.3031629552280962	1.0469375621419532e-05	0.0005983900911343593	0.004103015592412044	0.011726012565064609	0.027155076237834738	0.0004468514327554075	0.0	0.0	1.010698420233609	0.0	0.0	0.0	0.0	0.0	0.0004916310535470855	0.0	3.933842361310011e-05	0.0	0.0	0.0005305505485485037	0.0
Cycle_139	0.299256186037683	1.0866880932867181e-05	0.0007150508248419889	0.0040931699110218845	0.011602398269734164	0.027061649146415304	0.00043101588433911304	0.0	0.0	1.010698652992011	0.0	0.0	0.0	0.0	0.0	0.0005014218801820704	0.0	3.910059605287578e-05	0.0	0.0	0.0005293777426972087	0.0
Cycle_140	0.2987067150030347	1.0406931042728992e-05	0.0005191454143121035	0.004114804391694187	0.011699089750916804	0.027135849954580113	0.000417327738683428	0.0	0.0	1.0107042884976822	0.0	0.0	0.0	0.0	0.0	0.0005006510541588658	0.0	4.276224813632425e-05	0.0	0.0	0.0005286739235255696	0.0
Cycle_141	0.3006143079144953	1.0918094537933477e-05	0.0006866756831037369	0.0040693298262582675	0.01153849518454051	0.027030180951625786	0.0004447136377791739	0.0	0.0	1.0106477498006878	0.0	0.0	0.0	0.0	0.0	0.0004984285241081214	0.0	3.2303146671909134e-05	0.0	0.0	0.0005327367062773867	0.0
Cycle_142	0.30316816165249716	9.217200927425417e-06	0.0005660367181244435	0.004106681544633482	0.011603758949462218	0.02700903099082879	0.00038425401324098296	0.0	0.0	1.0106535700699906	0.0	0.0	0.0	0.0	0.0	0.0004978597370436323	0.0	4.148654497023661e-05	0.0	0.0	0.0005315107618527249	0.0
Cycle_143	0.30069414576893944	1.0513554109018081e-05	0.0006719817204640803	0.004070625141607398	0.011477601597653594	0.026711834165724105	0.0003987027908639083	0.0	0.0	1.0106594314996007	0.0	0.0	0.0	0.0	0.0	0.0005052801482139739	0.0	4.095934255022017e-05	0.0	0.0	0.0005348189620661637	0.0
Cycle_144	0.3027052582221276	9.966787774691596e-06	0.0007124323034234228	0.004090926813427176	0.011439073089729317	0.026898906985063892	0.0004159220815108958	0.0	0.0	1.010702227084769	0.0	0.0	0.0	0.0	0.0	0.0004928902601501843	0.0	3.966274082339851e-05	0.0	0.0	0.0005383306283242515	0.0
Cycle_145	0.3028261508044622	1.0323567601856808e-05	0.0005843247950013586	0.004061373527573948	0.011619468899087822	0.027066248221636544	0.0003802859486906325	0.0	0.0	1.0107051606022723	0.0	0.0	0.0	0.0	0.0	0.0004960514790910212	0.0	4.04991484718411e-05	0.0	0.0	0.0005259899410615159	0.0
Cycle_146	0.30238266953316356	1.1597495103741876e-05	0.0005827852064856382	0.00405810317149515	0.011681930621734088	0.026799649922380597	0.0003679836473224097	0.0	0.0	1.010648125208917	0.0	0.0	0.0	0.0	0.0	0.0004979631082715381	0.0	3.401918128787008e-05	0.0	0.0	0.0005428156232697855	0.0
Cycle_147	0.301808946903548	1.0704421223594522e-05	0.0005934679876465741	0.004091788193910607	0.01174319143169973	0.026930116973037686	0.0003360251975626572	0.0	0.0	1.0107365981442726	0.0	0.0	0.0	0.0	0.0	0.0005061276156905947	0.0	3.728213504680235e-05	0.0	0.0	0.0005314313283053078	0.0
Cycle_148	0.30225247580421516	1.0289591329668956e-05	0.000614603707852934	0.004067903470327513	0.011473515123806599	0.026994547459919423	0.0003555968195237087	0.0	0.0	1.010804997547399	0.0	0.0	0.0	0.0	0.0	0.0004995895940274808	0.0	3.824167890900977e-05	0.0	0.0	0.0005372890576899798	0.0
Cycle_149	0.30045024971094914	1.0529947034906449e-05	0.0005398907040585441	0.004048118708607778	0.011604221759152811	0.026872732225545155	0.00037597855640312996	0.0	0.0	1.0107168091522813	0.0	0.0	0.0	0.0	0.0	0.0005091008494568285	0.0	3.8274188728826986e-05	0.0	0.0	0.0005385309021462212	0.0
Cycle_150	0.3054879388655195	9.907113410329439e-06	0.0006604046584483097	0.004069432261989627	0.011660573867650941	0.026960979233787326	0.00033596721740981964	0.0	0.0	1.0106876180147324	0.0	0.0	0.0	0.0	0.0	0.0004990625339322993	0.0	3.592958884982114e-05	0.0	0.0	0.000547006653820957	0.0
Cycle_151	0.30482733850837	1.1188456354891297e-05	0.000783261151762739	0.004067484811529602	0.011793642548327384	0.026835010640681747	0.0003091611793491577	0.0	0.0	1.0106130462773273	0.0	0.0	0.0	0.0	0.0	0.0005000548216262795	0.0	3.685090691679521e-05	0.0	0.0	0.0005467498360044591	0.0
Cycle_152	0.30372065670904713	1.0421158899920552e-05	0.0004977215247109301	0.004061816874994208	0.01169005075987749	0.026915548014327766	0.00033466813035019563	0.0	0.0	1.010647878962011	0.0	0.0	0.0	0.0	0.0	0.0004949480678451182	0.0	4.13227242931243e-05	0.0	0.0	0.0005385760298235307	0.0
Cycle_153	0.30073001099398167	1.0562004973795178e-05	0.0006627139778668372	0.003990007028339143	0.0115150392258434	0.026878380575283453	0.0003188199029358872	0.0	0.0	1.0107408661172397	0.0	0.0	0.0	0.0	0.0	0.0004948021646478372	0.0	3.40200000513298e-05	0.0	0.0	0.0005473883479468787	0.0
Cycle_154	0.30639983616195565	9.982859122595995e-06	0.0005808343172650142	0.0039986860273040535	0.011727288116868769	0.02701959130826258	0.0002748855463511608	0.0	0.0	1.0107185005079613	0.0	0.0	0.0	0.0	0.0	0.0004946220472073643	0.0	3.6923506757961994e-05	0.0	0.0	0.0005400724831027155	0.0
Cycle_155	0.30473286583971976	1.122227987608007e-05	0.0006898241086391064	0.004018162511115786	0.011406818835053583	0.026676830676237693	0.0003174398553492877	0.0	0.0	1.010737458818418	0.0	0.0	0.0	0.0	0.0	0.000496400390192868	0.0	3.2388816887618796e-05	0.0	0.0	0.0005438617228559803	0.0
Cycle_156	0.304299289252218	9.969734065460407e-06	0.0006989303417358886	0.004023540361560299	0.011498971461717423	0.026798702743850294	0.0002896506618938764	0.0	0.0	1.0107285756521984	0.0	0.0	0.0	0.0	0.0	0.0005006701725575885	0.0	3.402468843392066e-05	0.0	0.0	0.0005482973992167311	0.0
Cycle_157	0.30287351149895053	1.0542366998455221e-05	0.0004719991867490589	0.004036498640951127	0.011772388029694802	0.026928314248038532	0.00024932299947033024	0.0	0.0	1.010653448662682	0.0	0.0	0.0	0.0	0.0	0.0004946390779432446	0.0	3.742031748612108e-05	0.0	0.0	0.0005510081401334716	0.0
Cycle_158	0.3054499251487788	1.1354353052008296e-05	0.0006879836980685386	0.003958064419953334	0.011715727054671733	0.026777568953362696	0.0002866252020541216	0.0	0.0	1.010726225352195	0.0	0.0	0.0	0.0	0.0	0.0005044765939147336	0.0	4.219414007123944e-05	0.0	0.0	0.0005488138774400279	0.0
Cycle_159	0.3030088290863908	1.1088178635746684e-05	0.0007015059907179021	0.003970459494169234	0.011603228738997044	0.02667727244238802	0.0003176911543996184	0.0	0.0	1.0107306376207892	0.0	0.0	0.0	0.0	0.0	0.0004971566356282688	0.0	3.6651120778083354e-05	0.0	0.0	0.0005470862303221211	0.0
Cycle_160	0.30548223189145124	1.0529563557313561e-05	0.0006909747498256761	0.004003652657761402	0.011658532388274946	0.026917845581883662	0.0002753969012207608	0.0	0.0	1.010788838209532	0.0	0.0	0.0	0.0	0.0	0.0005077732608196454	0.0	3.358091212441894e-05	0.0	0.0	0.000550229295546549	0.0
Cycle_161	0.3044905569449417	1.0030297985258224e-05	0.0007262738299485583	0.004023649415443691	0.01170345378713499	0.026886202686584183	0.00022817045396000333	0.0	0.0	1.0108138618320217	0.0	0.0	0.0	0.0	0.0	0.000505438053325622	0.0	3.647164196955663e-05	0.0	0.0	0.0005412808640607109	0.0
Cycle_162	0.3066846130703811	1.1667518506908018e-05	0.0006395220594682792	0.0039958303508660885	0.011716242952552906	0.027269153870690784	0.00025889169680423034	0.0	0.0	1.0107575712642958	0.0	0.0	0.0	0.0	0.0	0.0004989283802150672	0.0	3.2954897183613314e-05	0.0	0.0	0.0005547894164164651	0.0
Cycle_163	0.3055814983494962	1.062480397621469e-05	0.0006578493511819577	0.003973617596438624	0.011603914523004156	0.026892763165228314	0.00023842329390001178	0.0	0.0	1.0108213331783615	0.0	0.0	0.0	0.0	0.0	0.0004980077579955562	0.0	3.807446816273891e-05	0.0	0.0	0.0005563776284038496	0.0
Cycle_164	0.30531294914959883	1.0200680101796525e-05	0.0005827899931739931	0.003885899173134001	0.011533680295079193	0.026622560540303264	0.0002165924991891081	0.0	0.0	1.0106589784568631	0.0	0.0	0.0	0.0	0.0	0.0004975889060135843	0.0	3.496609295035927e-05	0.0	0.0	0.0005573297801004393	0.0
Cycle_165	0.3069904449523013	1.1170814015215385e-05	0.00064657083763654	0.003976439180409638	0.011588432159528698	0.026961599493525744	0.00023885988847822007	0.0	0.0	1.0108550107767627	0.0	0.0	0.0	0.0	0.0	0.0005073504001288835	0.0	3.2039928514561e-05	0.0	0.0	0.000553155171942934	0.0
Cycle_166	0.30473732634340783	1.0779583362648863e-05	0.0007247370870388862	0.003961181455257139	0.011894397089360943	0.027206909780880247	0.00018648113581126152	0.0	0.0	1.0107822648737699	0.0	0.0	0.0	0.0	0.0	0.0005052749281618619	0.0	3.440130661759865e-05	0.0	0.0	0.0005544866781399658	0.0
Cycle_167	0.30987795484963443	1.0489410128629274e-05	0.000655714717467706	0.003927166397569995	0.011708514942809027	0.026690706944268672	0.00021699943873759286	0.0	0.0	1.0106925733738537	0.0	0.0	0.0	0.0	0.0	0.0005049200350288594	0.0	4.088907971436018e-05	0.0	0.0	0.0005575853658528914	0.0
Cycle_168	0.3088707987061714	1.1784485652452316e-05	0.0006252835885426672	0.003947298490643173	0.011633995143649602	0.026999981669919768	0.00020100578701056135	0.0	0.0	1.0107981029643687	0.0	0.0	0.0	0.0	0.0	0.0005043998107048336	0.0	3.364776780385711e-05	0.0	0.0	0.0005629449152734012	0.0
Cycle_169	0.30832494099239993	1.0756778466550936e-05	0.0006022185491703695	0.0039421240294495365	0.011987031591330442	0.027236349326022105	0.00016722309537969078	0.0	0.0	1.010728809915031	0.0	0.0	0.0	0.0	0.0	0.0004946103083081479	0.0	3.277147486270511e-05	0.0	0.0	0.0005582131728776289	0.0
Cycle_170	0.30565914357255053	1.0866072078314563e-05	0.0005305045360555788	0.003899574777024829	0.011584987473743156	0.026757452343009427	0.00016987404991086663	0.0	0.0	1.010790257342478	0.0	0.0	0.0	0.0	0.0	0.0005002705967231256	0.0	3.484004602526921e-05	0.0	0.0	0.0005650758967321531	0.0
Cycle_171	0.30876301971021247	9.717964988158732e-06	0.0005486021822783532	0.003914651682310778	0.011585075530606748	0.026863581970329942	0.00022097573285998672	0.0	0.0	1.0107773448869704	0.0	0.0	0.0	0.0	0.0	0.0004987833219981129	0.0	3.388031384944488e-05	0.0	0.0	0.0005573993399470316	0.0
Cycle_172	0.31208108066814083	1.0359242854033365e-05	0.0005545367793842958	0.003957873075206992	0.011786831574628056	0.02686178637906188	0.00015161890080867053	0.0	0.0	1.0107813552914446	0.0	0.0	0.0	0.0	0.0	0.0005009483642267628	0.0	3.115714229160268e-05	0.0	0.0	0.0005601935943728865	0.0
Cycle_173	0.30698281296115304	1.0189100525467094e-05	0.0007073943025544802	0.0039038959079100532	0.011545798737494584	0.026705080418174546	0.00014839189337775637	0.0	0.0	1.0108374824798025	0.0	0.0	0.0	0.0	0.0	0.0005072925055180554	0.0	3.222487604210044e-05	0.0	0.0	0.0005690301188152683	0.0
Cycle_174	0.3060927058333669	1.0453095501545369e-05	0.0006328228227249081	0.003921302741907695	0.011727444122881304	0.02703135079263179	0.00011453152901439307	0.0	0.0	1.0107709884311835	0.0	0.0	0.0	0.0	0.0	0.0004938445554439979	0.0	3.1526762728580025e-05	0.0	0.0	0.0005632296716572472	0.0
Cycle_175	0.30574360845484627	1.0782217623588075e-05	0.0005345370032235243	0.003922138518339722	0.011737235573166313	0.026953503212474385	0.00017226877142458472	0.0	0.0	1.010770521778948	0.0	0.0	0.0	0.0	0.0	0.0005014328528497421	0.0	3.826726290901876e-05	0.0	0.0	0.0005544898346539772	0.0
Cycle_176	0.3078082264993522	1.107963947996664e-05	0.0006674310304836296	0.003922780339635811	0.011974039857283163	0.02693321801393543	0.00012642173437484917	0.0	0.0	1.0107932212065736	0.0	0.0	0.0	0.0	0.0	0.0005020458541939294	0.0	3.149971133070766e-05	0.0	0.0	0.0005676989867246721	0.0
Cycle_177	0.30864494874171844	1.031431283590354e-05	0.0005436419134981042	0.003918086876640772	0.0114926738494589	0.02652551483104017	0.00019959518836897138	0.0	0.0	1.0107380796150458	0.0	0.0	0.0	0.0	0.0	0.0004986908468768889	0.0	3.833264435060655e-05	0.0	0.0	0.000564920293394055	0.0
Cycle_178	0.3084170174313758	1.0206139923970051e-05	0.0005456231104609718	0.0039056360442306084	0.011698203354918505	0.02688459729304304	0.00012409002586046328	0.0	0.0	1.0108327814897573	0.0	0.0	0.0	0.0	0.0	0.0004947415834733298	0.0	3.9872696464054106e-05	0.0	0.0	0.0005627016461623729	0.0
Cycle_179	0.30821365606680295	1.2513533689833666e-05	0.000702277024838073	0.003869366291075225	0.011849947756558446	0.026958274574311877	0.00014694690410431405	0.0	0.0	1.0107780353554547	0.0	0.0	0.0	0.0	0.0	0.0005056030927875477	0.0	3.583693889696093e-05	0.0	0.0	0.0005665635141036968	0.0
Cycle_180	0.3070758667955639	1.0684789452158384e-05	0.0006882843629666291	0.0038445453807648333	0.011730285451150124	0.027115400004513086	0.00011887415754097046	0.0	0.0	1.0108378915375693	0.0	0.0	0.0	0.0	0.0	0.000502845452901732	0.0	3.073263243372196e-05	0.0	0.0	0.0005758470672713576	0.0
Cycle_181	0.31383618737879865	1.0626725991113e-05	0.0006408147071762783	0.00388598516532553	0.011738991313584114	0.026980589726092588	0.00013143837855926144	0.0	0.0	1.0108792700928235	0.0	0.0	0.0	0.0	0.0	0.0005034703260298648	0.0	2.961208975489139e-05	0.0	0.0	0.0005583748229829261	0.0
Cycle_182	0.3070783454478669	1.0431721919096479e-05	0.0005277728649028363	0.0038555508933853944	0.012001472818746388	0.027073929812167274	0.00010237480290384883	0.0	0.0	1.0108556673207205	0.0	0.0	0.0	0.0	0.0	0.0005043481049202951	0.0	3.253340107125567e-05	0.0	0.0	0.0005681168822836983	0.0
Cycle_183	0.31385861899738626	1.0912656960541326e-05	0.0006039859236031418	0.0038661670019006947	0.0120160800501035	0.02738171512707608	8.782181246467611e-05	0.0	0.0	1.0108137566306419	0.0	0.0	0.0	0.0	0.0	0.0004950928564660911	0.0	3.05565345567553e-05	0.0	0.0	0.0005917228909609014	0.0
Cycle_184	0.3131675474687546	1.0195499536554055e-05	0.0006502717016442456	0.0038298328597993455	0.011886142007470082	0.026960142139153914	0.0001239559351160842	0.0	0.0	1.0108491127601735	0.0	0.0	0.0	0.0	0.0	0.0005038648227293446	0.0	2.586371175125096e-05	0.0	0.0	0.0005739463957733857	0.0
Cycle_185	0.3119529529138729	1.104394222641665e-05	0.0006737277821789664	0.0038835171325154955	0.011855523208870539	0.026863556103732967	9.154334302324395e-05	0.0	0.0	1.01087673153136	0.0	0.0	0.0	0.0	0.0	0.0005033758452534601	0.0	2.967830779070288e-05	0.0	0.0	0.0005737828421530079	0.0
Cycle_186	0.3098938734198807	1.0039814267871327e-05	0.0006136493549601215	0.0038483303490517173	0.011742822236853249	0.026995867266310834	0.00010691039108035563	0.0	0.0	1.0108323821374223	0.0	0.0	0.0	0.0	0.0	0.000500688153259765	0.0	2.6949792855692045e-05	0.0	0.0	0.0005806656210101482	0.0
Cycle_187	0.30942357017351696	1.1497737193513823e-05	0.000654426181896832	0.00391189505889783	0.01152354265072495	0.026775415149031055	0.00013457727530326246	0.0	0.0	1.0108894424082633	0.0	0.0	0.0	0.0	0.0	0.0004962974867940852	0.0	3.3687447462361094e-05	0.0	0.0	0.0005617725101520187	0.0
Cycle_188	0.3099561475656167	1.0943424805304235e-05	0.0005626905955998176	0.0038561931698667617	0.011866178431170665	0.027090357636420828	6.94379794433145e-05	0.0	0.0	1.010829473141196	0.0	0.0	0.0	0.0	0.0	0.0004987587080722859	0.0	3.123415328995081e-05	0.0	0.0	0.0005827394243497675	0.0
Cycle_189	0.3101946510913969	1.0142575433813702e-05	0.000637217842599764	0.0038235446449848436	0.011932236671871072	0.02711779284335046	7.783446314444975e-05	0.0	0.0	1.0108694517520533	0.0	0.0	0.0	0.0	0.0	0.0005077711341640721	0.0	2.7795021243153416e-05	0.0	0.0	0.0005818729749276247	0.0
Cycle_190	0.30799642560226403	1.0699235264786412e-05	0.0004656074573308983	0.0038042763180968	0.011831496198858251	0.026732802076971336	6.555987719501492e-05	0.0	0.0	1.0107949028207444	0.0	0.0	0.0	0.0	0.0	0.0005023931046013356	0.0	3.256536667963462e-05	0.0	0.0	0.0005811597441049436	0.0
Cycle_191	0.3110766443932808	1.135856856860544e-05	0.0005979661483131105	0.0038192858003340646	0.011755359927550994	0.026856988721760608	9.048454395294255e-05	0.0	0.0	1.0109094548212056	0.0	0.0	0.0	0.0	0.0	0.0005064026522169907	0.0	3.126455132173675e-05	0.0	0.0	0.0005821802810321002	0.0
Cycle_192	0.3101084262110279	1.0512353214629105e-05	0.0005876702036859814	0.0038153436510387716	0.011852683153879042	0.02701983325967457	7.856178346726948e-05	0.0	0.0	1.0108626199521216	0.0	0.0	0.0	0.0	0.0	0.0004998852057241109	0.0	3.331243827501996e-05	0.0	0.0	0.0005778164305572344	0.0
Cycle_193	0.31188170602197096	1.1305333261595377e-05	0.00039333002355244814	0.0038375473788983673	0.011906568846296768	0.026783206304067754	0.00011742232646051996	0.0	0.0	1.0109910163548843	0.0	0.0	0.0	0.0	0.0	0.0005154049417607445	0.0	3.310628743216934e-05	0.0	0.0	0.0005804389012820855	0.0
Cycle_194	0.31227566734436113	1.0176873783488251e-05	0.0006959067905346988	0.003816104663287202	0.011905055148771748	0.026879798174013186	7.439884563914092e-05	0.0	0.0	1.0108996003838884	0.0	0.0	0.0	0.0	0.0	0.0005075423357486429	0.0	3.15633911419417e-05	0.0	0.0	0.0005742967676601499	0.0
Cycle_195	0.3114663687361877	1.0550810824349081e-05	0.0006148956692515768	0.003785383211527545	0.011591211604154886	0.026654651236049737	6.3057303110195e-05	0.0	0.0	1.0108906849475259	0.0	0.0	0.0	0.0	0.0	0.0004989444884508308	0.0	2.6309140957784617e-05	0.0	0.0	0.0005824349412304565	0.0
Cycle_196	0.30953681031123037	1.0405442033468212e-05	0.0006583465234266559	0.0037972637431147012	0.011856255448006581	0.02695588153137184	8.801599125742554e-05	0.0	0.0	1.010887188811199	0.0	0.0	0.0	0.0	0.0	0.0005048021896246809	0.0	3.104720651696991e-05	0.0	0.0	0.0005776454690561343	0.0
Cycle_197	0.3136875208778721	9.876938234344517e-06	0.0005478688380561147	0.003820369627829214	0.011800195371474396	0.02703141223339962	0.00011120541460881026	0.0	0.0	1.0109309041788428	0.0	0.0	0.0	0.0	0.0	0.00051000128479659	0.0	3.043255237941184e-05	0.0	0.0	0.0005899257564716817	0.0
Cycle_198	0.31570172646195027	1.1180326341067516e-05	0.0006476808949370538	0.0038027659740800935	0.012021039850999097	0.027159936299279243	4.2630915799163295e-06	0.0	0.0	1.010824837470646	0.0	0.0	0.0	0.0	0.0	0.0004938705976903592	0.0	2.301731089822162e-05	0.0	0.0	0.0005986231469117611	0.0
Cycle_199	0.30939753284144433	1.0700604300322065e-05	0.0007898534488783864	0.003836171993469615	0.011859217637047944	0.026950431537552395	5.417408335351207e-05	0.0	0.0	1.0108746622115463	0.0	0.0	0.0	0.0	0.0	0.0005034049777774704	0.0	3.280895363749027e-05	0.0	0.0	0.0005823928618594161	0.0
Cycle_200	0.3135285643489413	1.0644217765651638e-05	0.0006162763783460633	0.0037962230947017573	0.011848306714624206	0.027204731220431492	0.0	0.0	0.0	1.010856421246131	0.0	0.0	0.0	0.0	0.0	0.0004986985371687243	0.0	2.3782216205767747e-05	0.0	0.0	0.0005921276730632579	0.0
Cycle_201	0.3160253869179738	1.1095151964313774e-05	0.000462169220045963	0.0037570097736989157	0.01178075352656114	0.026897434360805654	0.0001078320735270918	0.0	0.0	1.0108313908798658	0.0	0.0	0.0	0.0	0.0	0.0005078422816100933	0.0	2.7949995705619284e-05	0.0	0.0	0.0005884983661574241	0.0
Cycle_202	0.30107692907960126	1.0161584715988642e-05	0.0004991287064938821	0.006907271423212487	0.002536074305055111	0.004833514427260235	0.001104126256788471	0.0	0.00011149187349450362	1.010539032614138	0.0	0.0	0.0	0.0	0.0	0.0009618531029945312	0.0052115867116451255	0.0	0.0	0.0	0.00046851131918554883	0.0
Cycle_203	0.027119926451437314	5.009107043617185e-06	0.000356385533652898	0.0036695018793188087	0.0006515868294498358	0.002013275300930898	0.0	0.0	4.399145776527676e-05	1.0111845610038606	0.0	0.0	0.0	0.0	0.0	0.0006781069473789262	0.0006238774015208292	0.0	0.0	0.0	0.0004342050861911122	0.0
Cycle_204	0.015345866856021568	4.050649919877618e-06	0.0001367307960524279	0.00279495996065573	0.0002329046323921359	0.0014079423774050383	0.0	0.0	7.858693794838821e-05	1.011191274422964	0.0	0.0	0.0	0.0	0.0	0.000496654166982367	6.707266137595376e-05	0.0	0.0	0.0	0.00040212302448582244	0.0
Cycle_205	0.012793826801323934	4.2242678721437295e-06	7.008576032196292e-05	0.0024779099406973394	0.00017379460181021715	0.0013881945737137821	0.0	0.0	8.953343503994878e-05	1.011167167025206	0.0	0.0	0.0	0.0	0.0	0.0004088221709460052	0.0	0.0	0.0	0.0	0.0003982992271339019	0.0
Cycle_206	0.012507505271629154	3.127864670899699e-06	4.546645343196083e-05	0.0023110679853608237	0.00018296404268218258	0.001514124598570512	0.0	0.0	0.00010172702891865012	1.011097679243705	0.0	0.0	0.0	0.0	0.0	0.000357123297378915	0.0	0.0	0.0	0.0	0.00040089731125110615	0.0
Cycle_207	0.013092614252981328	3.843503127230183e-06	3.388309618206926e-05	0.002204526675996765	0.00022102209740885808	0.0016771943140599657	0.0	0.0	0.00010803204849202262	1.0110649291510723	0.0	0.0	0.0	0.0	0.0	0.0003344319032438445	0.0	0.0	0.0	0.0	0.0004020605446673544	0.0
Cycle_208	0.013195458060801414	3.430939736359028e-06	2.7905671639068568e-05	0.0021392573538191835	0.00028541395927953204	0.0018919852171467447	0.0	0.0	0.00011753093081043479	1.0110084178364502	0.0	0.0	0.0	0.0	0.0	0.0003195817525324805	0.0	0.0	0.0	0.0	0.00040146010003304274	0.0
Cycle_209	0.01437150028260073	3.903330027527287e-06	3.052164399742632e-05	0.0021038671473659655	0.00044579035565239604	0.002422029369163457	0.0	0.0	0.0001372036939939455	1.0109677745153776	0.0	0.0	0.0	0.0	0.0	0.0003142757552861697	0.0	0.0	0.0	0.0	0.0004055134247715188	0.0
Cycle_210	0.01546841793283297	3.1826511952294787e-06	3.4213410388238894e-05	0.0020781725957592424	0.00055308997631715	0.0027791174164258393	0.0	0.0	0.00015473039584378595	1.01096164104677	0.0	0.0	0.0	0.0	0.0	0.0003090183546371743	0.0	0.0	0.0	0.0	0.0004093459608486548	0.0
Cycle_211	0.016526600229510528	4.4630930399415435e-06	3.7445844341192535e-05	0.002077191174524113	0.0006606617290396079	0.0032991624617028535	0.0	0.0	0.00017988890482092523	1.010892374460419	0.0	0.0	0.0	0.0	0.0	0.00030486873944003467	0.0	0.0	0.0	0.0	0.0004149172772774364	0.0
Cycle_212	0.01743961103154544	3.853803356302277e-06	3.902225957134738e-05	0.0020794969393382727	0.0006754111114198816	0.0033086437564084736	0.0	0.0	0.00018658644933909288	1.0108660831114855	0.0	0.0	0.0	0.0	0.0	0.0003021699907775235	0.0	0.0	0.0	0.0	0.0004117546525037326	0.0
Cycle_213	0.01753056697464242	3.847783312771383e-06	3.9806148090380146e-05	0.002079755189308842	0.0007005410088332067	0.003457935108246793	0.0	0.0	0.000198268634334629	1.010882471946594	0.0	0.0	0.0	0.0	0.0	0.0003010981207242851	0.0	0.0	0.0	0.0	0.0004137645792019092	0.0
Cycle_214	0.017464943463367372	3.0381919523656718e-06	3.579744500034198e-05	0.00207800741269383	0.0006893667440947306	0.0034610264282997566	0.0	0.0	0.00021109555888308712	1.0107994645628406	0.0	0.0	0.0	0.0	0.0	0.00029759139993317587	0.0	0.0	0.0	0.0	0.000414814989355264	0.0
Cycle_215	0.017482615679246413	3.361735680283739e-06	3.887788115083056e-05	0.002048860899636793	0.0007446559802515751	0.003693622677481114	0.0	0.0	0.0002263450034139016	1.0107692836843107	0.0	0.0	0.0	0.0	0.0	0.00029400695984586363	0.0	0.0	0.0	0.0	0.0004156107221722854	0.0
Cycle_216	0.017596611906194163	4.533664197958467e-06	3.714558843806017e-05	0.002043092607288561	0.0007824437827511944	0.0038674498315044723	0.0	0.0	0.00024032621474927537	1.0107471095312435	0.0	0.0	0.0	0.0	0.0	0.00029208124001288367	0.0	0.0	0.0	0.0	0.0004186630139921764	0.0
Cycle_217	0.0163360904896423	3.559164562546273e-06	3.2510228647513865e-05	0.002048716159058966	0.0007558275275729832	0.0038543468503402342	0.0	0.0	0.00024947757747709534	1.01071229879883	0.0	0.0	0.0	0.0	0.0	0.00028968547716982164	0.0	0.0	0.0	0.0	0.00041544993718768024	0.0
Cycle_218	0.015555362924216009	4.335631653769714e-06	3.002965712901758e-05	0.002032039566665562	0.0006842532353391671	0.0036476669037917024	0.0	0.0	0.00025290432466020885	1.0107251450123669	0.0	0.0	0.0	0.0	0.0	0.00028676729943816014	0.0	0.0	0.0	0.0	0.00041829577596997844	0.0
Cycle_219	0.015019415853749475	3.2265886287826517e-06	2.751997298277565e-05	0.0020047763386118237	0.0006741593054744355	0.0037282040993570423	0.0	0.0	0.00026875612074725154	1.0106918551664785	0.0	0.0	0.0	0.0	0.0	0.00028635820015266057	0.0	0.0	0.0	0.0	0.00041181150827882034	0.0
