Molecule	Hydrogen	Deuterium	Methane	Water	Acetylene	Carbon monoxide	Ethylene	Ethane	Oxygen	Argon	Cyclopropene	Allene	Propyne	Propene	Carbon dioxide	Propane	Ethanol	1,3-Butadiyne	1-Buten-3-yne	1,3-Butadiene	1-Butyne	2-Butyne
Cycle_1	0.0003964179956275499	2.5666443041338565e-06	0.0	0.0024562144981681512	0.0	0.00683955460218075	0.0	0.0	0.0011574517714833367	1.011529096700196	0.0	0.0	0.0	0.0	3.381640785112432e-05	0.00030261121537549266	0.0	0.0	0.0	0.0	0.0002308277767589974	0.0
Cycle_2	0.00039569177335874335	2.805460835720857e-06	0.0	0.002385401732173884	0.0	0.0073291505456709385	0.0	0.0	0.0012416794815340985	1.0114633190166582	0.0	0.0	0.0	0.0	8.503683508027487e-06	0.00029882666180576083	0.0	0.0	0.0	0.0	0.0002358620885440339	0.0
Cycle_3	0.0003823910984420664	2.8392858786713527e-06	0.0	0.0023771720530882394	0.0	0.006917894777327067	0.0	0.0	0.0013848402641764407	1.0115761169899675	0.0	0.0	0.0	0.0	0.0	0.0003043307220388528	0.0	0.0	0.0	0.0	0.00023476378790988653	0.0
Cycle_4	0.00039243523063894463	2.9013552644760713e-06	0.0	0.002532759943023538	0.006009063689620206	0.017944914964386553	0.00022574657036902827	0.0	8.041712726318983e-05	1.013797860700311	0.0	0.0	0.0	0.0	0.0	0.0005254904573763573	0.0	1.0352865411096151e-05	0.0	0.0	0.0002791470641255327	0.0
Cycle_5	0.17679247917050997	4.931480742234336e-06	0.0007136399571147347	0.004860988906914292	0.008428132697249985	0.02001910749437359	0.0008152349830286053	0.0	5.5210134968623864e-05	1.0115797521785521	0.0	0.0	0.0	0.0	0.0	0.00047878926611864164	0.0	4.102990713875425e-05	0.0	0.0	0.0004071869036097189	0.0
Cycle_6	0.18053794891668815	4.636201958231743e-06	0.0007067757761731681	0.005151881578384851	0.00843170270058193	0.01995162128330722	0.001047585058979643	0.0	3.2070045033476876e-05	1.0118416017457061	0.0	0.0	0.0	0.0	0.0	0.000487071272616058	0.0	4.1848611890084394e-05	0.0	0.0	0.0004035770787990515	0.0
Cycle_7	0.1831864650339966	5.038137624514827e-06	0.0006924466295202362	0.005150874678825467	0.008593337940803258	0.019854533692972513	0.0011395601907756069	0.0	2.5053705312748102e-06	1.0120946789216434	0.0	0.0	0.0	0.0	0.0	0.00048670985034951323	0.0	4.182690485006461e-05	0.0	0.0	0.000402752432361272	0.0
Cycle_8	0.18271578523386126	5.344243338281825e-06	0.0006454191351524185	0.004992810417169473	0.00846799177681993	0.02014311210218575	0.0012748142209883474	0.0	0.0	1.012109042308292	0.0	0.0	0.0	0.0	0.0	0.000492407173002601	0.0	4.049964501422903e-05	0.0	0.0	0.0004021505383457058	0.0
Cycle_9	0.18181930925371925	5.117121983205938e-06	0.000673721840851776	0.00491077071762018	0.008424809006715717	0.01979272762481381	0.0013735835084374667	0.0	4.264039326170517e-06	1.0121727720335905	0.0	0.0	0.0	0.0	0.0	0.0004858866460022837	0.0	3.79519736168184e-05	0.0	0.0	0.00041055534381236844	0.0
Cycle_10	0.18407635556130061	6.080972953555501e-06	0.000693571742408883	0.004865097295079017	0.008291099173042733	0.01966821601694688	0.001414116332375113	0.0	0.0	1.0121473644721344	0.0	0.0	0.0	0.0	0.0	0.00047949018903466705	0.0	3.02711460670178e-05	0.0	0.0	0.00042417585924181675	0.0
Cycle_11	0.1813537361025709	5.961486572491736e-06	0.0006123058281487775	0.0047962100199495684	0.0081437605710752	0.020467199989050236	0.0016046168758533483	0.0	0.0	1.0122506433380247	0.0	0.0	0.0	0.0	0.0	0.0004891635443394758	0.0	3.63393765977464e-05	0.0	0.0	0.00041874848921889704	0.0
Cycle_12	0.18373095718591995	6.139989738573979e-06	0.0006476558721956706	0.004717638618911574	0.008083226946265624	0.021132140938273654	0.001568984275613522	0.0	0.0	1.0122701258861861	0.0	0.0	0.0	0.0	0.0	0.0004803381873314736	0.0	3.15838484273598e-05	0.0	0.0	0.00041940442972963644	0.0
Cycle_13	0.1806518142711756	6.433194367958927e-06	0.0006119991427765244	0.004666218679604886	0.00815493397558088	0.02043039793597635	0.0015807194130119668	0.0	0.0	1.012297137246829	0.0	0.0	0.0	0.0	0.0	0.00048778802824979753	0.0	3.5904955507677857e-05	0.0	0.0	0.00042351518162652	0.0
Cycle_14	0.18146336234623872	6.323426544795551e-06	0.0006337064979465712	0.004582494339645589	0.008067981098601268	0.01989331921381074	0.0015698931576407778	0.0	0.0	1.0122475841053775	0.0	0.0	0.0	0.0	0.0	0.0004880648908717849	0.0	3.352218116019618e-05	0.0	0.0	0.000427710877668299	0.0
Cycle_15	0.1817866390202856	6.927666127871392e-06	0.0006122037082126924	0.004515906627235796	0.007920878252699392	0.020296887600880418	0.0015839004115477348	0.0	0.0	1.0122667181570388	0.0	0.0	0.0	0.0	0.0	0.0004810825461372433	0.0	2.5546996079036855e-05	0.0	0.0	0.0004466633322484112	0.0
Cycle_16	0.1829169538963928	7.554892580660048e-06	0.0007017501337749083	0.004453541267341058	0.008195125780014755	0.01973475588171866	0.0015102160080905634	0.0	0.0	1.0122366969067356	0.0	0.0	0.0	0.0	0.0	0.00048292612822663656	0.0	2.7613557782678753e-05	0.0	0.0	0.00043854257928760946	0.0
Cycle_17	0.17975577693796774	7.091073916010279e-06	0.0006838034828528297	0.004387619775905596	0.008191055917095558	0.020025428660596332	0.0015405399726278848	0.0	0.0	1.0122293594885658	0.0	0.0	0.0	0.0	0.0	0.00048398801849163534	0.0	2.736108896335838e-05	0.0	0.0	0.00044895644561737175	0.0
Cycle_18	0.18264547635774736	6.505928982119386e-06	0.000675452672941381	0.004312493733168989	0.008149772235156599	0.019868158816956832	0.0013937123174197995	0.0	0.0	1.0122353611386075	0.0	0.0	0.0	0.0	0.0	0.0004825332813472808	0.0	2.3400704435413084e-05	0.0	0.0	0.000453063487040295	0.0
Cycle_19	0.17810923836671766	7.569480361102208e-06	0.0006755894663349642	0.004293205178604234	0.008282437474196153	0.019884533010532095	0.0014727427090080439	0.0	0.0	1.0123080026767535	0.0	0.0	0.0	0.0	0.0	0.0004909388822515477	0.0	2.4650414992365805e-05	0.0	0.0	0.0004524005728849968	0.0
Cycle_20	0.184549946791192	7.963300051778337e-06	0.0006333067433831669	0.004240245991118361	0.008537492233101381	0.020067256580081887	0.001337157704290523	0.0	0.0	1.0123011977723768	0.0	0.0	0.0	0.0	0.0	0.0004932977489135534	0.0	2.4606980788327935e-05	0.0	0.0	0.0004508084211665782	0.0
Cycle_21	0.1785911253818444	7.159479598233486e-06	0.0006151659768260859	0.004196451860174893	0.008309467481063707	0.019539057453644332	0.0014235454770196447	0.0	0.0	1.0121848485460638	0.0	0.0	0.0	0.0	0.0	0.0004834898860169565	0.0	2.045127310283464e-05	0.0	0.0	0.00046078816829101633	0.0
Cycle_22	0.17803661634535287	7.561299722553638e-06	0.0006406388049691625	0.004163545981131018	0.008457568189402364	0.019644582163020462	0.0012718449177811018	0.0	0.0	1.0122538983436369	0.0	0.0	0.0	0.0	0.0	0.0004893326667380493	0.0	2.5898834782868785e-05	0.0	0.0	0.00045623791768267997	0.0
Cycle_23	0.17445859905191344	7.853172179212342e-06	0.0006722087374077005	0.0041028930111044895	0.008163962685601062	0.01908486751507555	0.001314096125774153	0.0	0.0	1.012238278533073	0.0	0.0	0.0	0.0	0.0	0.0004851165141184286	0.0	2.0146542347257084e-05	0.0	0.0	0.00046774989916719377	0.0
Cycle_24	0.18116657681781867	7.63682245290097e-06	0.0006464514292530601	0.0040758616539105725	0.008428461293670872	0.01900333544541146	0.0012412460584161065	0.0	0.0	1.0121920399958468	0.0	0.0	0.0	0.0	0.0	0.00048664573886373773	0.0	2.3885155794037172e-05	0.0	0.0	0.0004712161920123046	0.0
Cycle_25	0.17695984138740337	6.8681734919575515e-06	0.0006883910625467461	0.004029094702783395	0.008630599277750674	0.019800996949803706	0.001200160003526122	0.0	0.0	1.0121541845544646	0.0	0.0	0.0	0.0	0.0	0.0004817736220036709	0.0	2.3706052537571898e-05	0.0	0.0	0.0004685609558446394	0.0
Cycle_26	0.1800202782064668	7.712372078663612e-06	0.0006563257574636268	0.004007618189328067	0.008598113126856037	0.01967488378864615	0.001224030642581034	0.0	0.0	1.012206974492479	0.0	0.0	0.0	0.0	0.0	0.00048481323516648536	0.0	2.032548499094058e-05	0.0	0.0	0.0004815606306800753	0.0
Cycle_27	0.1780809939738263	8.301103825648112e-06	0.0005963403044480801	0.003981179038139358	0.008441007216220233	0.01936415691366114	0.0012315785874904561	0.0	0.0	1.0121800871071478	0.0	0.0	0.0	0.0	0.0	0.0004849058352007991	0.0	1.9310870969367767e-05	0.0	0.0	0.0004746263442838359	0.0
Cycle_28	0.17736049010817545	8.082314514006711e-06	0.0007019678491421232	0.0039424735179036125	0.008215164412050285	0.01926672243778803	0.0013523393390364616	0.0	0.0	1.0121972669543797	0.0	0.0	0.0	0.0	0.0	0.00047962257205015727	0.0	2.060049832564961e-05	0.0	0.0	0.0004814788307826064	0.0
Cycle_29	0.17897679858543214	7.6047138064700725e-06	0.000635706227757227	0.0039100130236337655	0.008568358886242421	0.01902133345614094	0.001167263401487321	0.0	0.0	1.0122409881302685	0.0	0.0	0.0	0.0	0.0	0.00048639609196178546	0.0	1.653818000048189e-05	0.0	0.0	0.0004854255928217549	0.0
Cycle_30	0.17458038542183155	7.902837514530716e-06	0.0006515658737813461	0.003897331070583238	0.008324998367590816	0.018997865810560937	0.0011934824014386263	0.0	0.0	1.0122391273358282	0.0	0.0	0.0	0.0	0.0	0.00048697750727034344	0.0	2.0066954433112737e-05	0.0	0.0	0.00048341574808865174	0.0
Cycle_31	0.17913050511432554	7.595207579425001e-06	0.0006118664030425611	0.003843827533805381	0.00811293279740403	0.018293146144848657	0.0011089109310554223	0.0	0.0	1.0121645072483079	0.0	0.0	0.0	0.0	0.0	0.0004749661076397521	0.0	2.0030397715274888e-05	0.0	0.0	0.0004972282958375018	0.0
Cycle_32	0.17888887499587663	7.309745642102689e-06	0.0006524041855559444	0.0038433823932428586	0.008200109916450015	0.01844678120978248	0.001013637804465495	0.0	0.0	1.012211858528195	0.0	0.0	0.0	0.0	0.0	0.000490673908629667	0.0	2.0313914068941513e-05	0.0	0.0	0.000501772890466442	0.0
Cycle_33	0.17762507512464207	7.15953754267803e-06	0.0006271380653864654	0.003833310407962282	0.008387392112850887	0.018984833571020817	0.0010321928173007348	0.0	0.0	1.0121859111488118	0.0	0.0	0.0	0.0	0.0	0.0004804288894460205	0.0	2.279653453246237e-05	0.0	0.0	0.0004984612884751836	0.0
Cycle_34	0.18004557569233487	7.838154496701973e-06	0.000622568065813287	0.003829472854533511	0.008868748473830007	0.018957037762385356	0.0009843021506701702	0.0	0.0	1.0122440763496063	0.0	0.0	0.0	0.0	0.0	0.0004885026470695451	0.0	1.893689833789041e-05	0.0	0.0	0.0004986224918987274	0.0
Cycle_35	0.17783348175095226	8.547627896842077e-06	0.0006444102812995888	0.0038172183216373537	0.00858772004909819	0.018769845891376907	0.0009957992236566153	0.0	0.0	1.012209114854746	0.0	0.0	0.0	0.0	0.0	0.0004904316381271444	0.0	9.360082344665043e-06	0.0	0.0	0.0004996908218066794	0.0
Cycle_36	0.17292559212958455	7.913708864279304e-06	0.0007164823582824796	0.0037841067444704646	0.00829281767081259	0.017798888527987312	0.0009048698200494563	0.0	0.0	1.0121917184075542	0.0	0.0	0.0	0.0	0.0	0.0004949714985273084	0.0	2.1530870316592617e-05	0.0	0.0	0.0004953869536971397	0.0
Cycle_37	0.176201293283637	7.897628554286835e-06	0.0006286696792162353	0.003745456343558178	0.008617067873660138	0.018662121146160764	0.0008426491829365013	0.0	0.0	1.0121685026129643	0.0	0.0	0.0	0.0	0.0	0.0004860796935147346	0.0	1.8962632032771106e-05	0.0	0.0	0.0005121926575756389	0.0
Cycle_38	0.17534585063996885	7.852265170318002e-06	0.0006993904565556891	0.0037377355741759102	0.008971470676572993	0.018607549310697444	0.0008466542677864539	0.0	0.0	1.0121749689578239	0.0	0.0	0.0	0.0	0.0	0.0004861031051483845	0.0	1.5846386556495747e-05	0.0	0.0	0.0005026831088995079	0.0
Cycle_39	0.17499831191609957	7.993254328557864e-06	0.0007059619759213118	0.003752642476685183	0.008842003818319224	0.018472544769793698	0.0008167672628922766	0.0	0.0	1.0121693821730247	0.0	0.0	0.0	0.0	0.0	0.0004887778598228492	0.0	1.7958737893175663e-05	0.0	0.0	0.0005156974116219717	0.0
Cycle_40	0.176816263598387	8.320066379418755e-06	0.0006185179290382662	0.0037206688928507247	0.008861372724668116	0.018166666171605724	0.0007457248191327885	0.0	0.0	1.0121743529495266	0.0	0.0	0.0	0.0	0.0	0.0004978650815977104	0.0	2.0031929498907332e-05	0.0	0.0	0.0005119379323374647	0.0
Cycle_41	0.1782718852577752	7.95422968617271e-06	0.0006887144298723908	0.003718293431046785	0.008899738217963865	0.018669818559884817	0.0007698811157782897	0.0	0.0	1.0121293632471757	0.0	0.0	0.0	0.0	0.0	0.0004974256293968805	0.0	1.4921214354933487e-05	0.0	0.0	0.0005171583299286827	0.0
Cycle_42	0.1793905179111921	7.86840929075316e-06	0.0006754407045933573	0.003732592813316617	0.008792141060290913	0.018260941342328734	0.0007727625406441719	0.0	0.0	1.0121984425162647	0.0	0.0	0.0	0.0	0.0	0.00049429603058469	0.0	1.3342526249019188e-05	0.0	0.0	0.0005185141219200016	0.0
Cycle_43	0.17471942166904952	8.420491039847515e-06	0.0007154673313064436	0.00370306469058668	0.009004165575325176	0.01825814746352865	0.0006457194251963341	0.0	0.0	1.0121617087037702	0.0	0.0	0.0	0.0	0.0	0.0004943906757000073	0.0	1.4909375435890458e-05	0.0	0.0	0.0005232958025562679	0.0
Cycle_44	0.1786752290679706	7.951126097583729e-06	0.0007318768930801059	0.0036621979471534918	0.009074016251262348	0.018223403681306462	0.0006255317458899975	0.0	0.0	1.0120891917301316	0.0	0.0	0.0	0.0	0.0	0.0004904141028361682	0.0	1.7888653301140947e-05	0.0	0.0	0.0005251913575222419	0.0
Cycle_45	0.17898698764742682	8.00294297343337e-06	0.0007628981446274367	0.0036830925235812983	0.00900954015709955	0.0182920885036685	0.0006209530938049181	0.0	0.0	1.0121970308936348	0.0	0.0	0.0	0.0	0.0	0.0004950785467602702	0.0	1.56961588076106e-05	0.0	0.0	0.000530031643074701	0.0
Cycle_46	0.17726747059440862	7.684773951447464e-06	0.000688326547680296	0.0036414117652109833	0.00890161750407623	0.018174470329650406	0.0005660535715058024	0.0	0.0	1.0121838354816486	0.0	0.0	0.0	0.0	0.0	0.0005025597092306063	0.0	1.6750865020349435e-05	0.0	0.0	0.0005340434004185736	0.0
Cycle_47	0.17781483572522597	8.218726812596134e-06	0.0007227262239098208	0.0036387243827303685	0.008902197442635663	0.018027163414641518	0.0005532554313118115	0.0	0.0	1.0122095033880314	0.0	0.0	0.0	0.0	0.0	0.0004937243170664631	0.0	1.4122753121130353e-05	0.0	0.0	0.0005239271735634292	0.0
Cycle_48	0.17848242693073768	7.836961540001101e-06	0.0007963500509600568	0.0036460454958197916	0.008849443893470841	0.018028062223304556	0.0005470578166851239	0.0	0.0	1.0122211912901034	0.0	0.0	0.0	0.0	0.0	0.0005000108268433043	0.0	1.7011549401257063e-05	0.0	0.0	0.000527756302594227	0.0
Cycle_49	0.17653462456584526	7.920617669757674e-06	0.0006808387013289482	0.0036342878365414346	0.009160112815620425	0.018240339014616344	0.00048780947351353276	0.0	0.0	1.012185255606862	0.0	0.0	0.0	0.0	0.0	0.0004995872767468279	0.0	1.1208876633158458e-05	0.0	0.0	0.0005380745398035119	0.0
Cycle_50	0.17685777648152137	8.124285503315141e-06	0.0006706607624451507	0.003606942420812741	0.009311067040416099	0.0182712164069021	0.00046797377029078884	0.0	0.0	1.0122115282967927	0.0	0.0	0.0	0.0	0.0	0.0005020710078009985	0.0	1.6496736062988042e-05	0.0	0.0	0.0005332358684010314	0.0
Cycle_51	0.17654843383396865	8.425439296395325e-06	0.0006632588951292519	0.0036091782186804594	0.009158815531028472	0.018296006295493532	0.00045947970015652965	0.0	0.0	1.012250846876585	0.0	0.0	0.0	0.0	0.0	0.000501232470315128	0.0	1.2718058478048e-05	0.0	0.0	0.000534944236425078	0.0
Cycle_52	0.1778942890317158	7.836546523685329e-06	0.0007110470991595194	0.0036147310452057007	0.009011794477920174	0.01782041279970915	0.0003857511666208724	0.0	0.0	1.0122074257064246	0.0	0.0	0.0	0.0	0.0	0.0004984366261306329	0.0	1.258270757976261e-05	0.0	0.0	0.0005411313569982129	0.0
Cycle_53	0.18043469844234813	8.252550603376006e-06	0.0007466986104585621	0.0036080207416120972	0.00909424852411594	0.018425287407410684	0.00041762974694562784	0.0	0.0	1.0122543554562329	0.0	0.0	0.0	0.0	0.0	0.0004973196603119733	0.0	1.3805556471090853e-05	0.0	0.0	0.0005453767670743562	0.0
Cycle_54	0.1773018292247571	7.94351070717943e-06	0.0007070713282600542	0.0035738461482904453	0.009120045684519495	0.017930660882563416	0.00035651772900235765	0.0	0.0	1.0122355837541055	0.0	0.0	0.0	0.0	0.0	0.0005050712949898999	0.0	1.3837376292272256e-05	0.0	0.0	0.00054066366606888	0.0
Cycle_55	0.17624498275801712	7.790091886593556e-06	0.0007086105232367024	0.0035819894497322578	0.008984741243612395	0.017927463286064396	0.0003833930271988973	0.0	0.0	1.01225622585813	0.0	0.0	0.0	0.0	0.0	0.0004983028995885583	0.0	8.804547678638847e-06	0.0	0.0	0.000552216074771881	0.0
Cycle_56	0.17839587993195613	8.523861111212393e-06	0.0007239835052075804	0.0035903710153184424	0.009275633896156026	0.018128785900114606	0.00031842478360674653	0.0	0.0	1.0122945996698929	0.0	0.0	0.0	0.0	0.0	0.0005008364253808841	0.0	1.4960547544441493e-05	0.0	0.0	0.0005460798670580037	0.0
Cycle_57	0.17670595263489106	8.415594415139297e-06	0.0007265463417071908	0.003597164061219717	0.00928499711409035	0.018125298149830462	0.0003227749440306884	0.0	0.0	1.01227335450266	0.0	0.0	0.0	0.0	0.0	0.0005124482692118825	0.0	1.1198632475166607e-05	0.0	0.0	0.0005497721656322303	0.0
Cycle_58	0.17898947620134906	7.480060804841092e-06	0.0006551064333777628	0.0035550327198554726	0.00933164658959632	0.01796159794289359	0.00020383384253454116	0.0	0.0	1.012194125090282	0.0	0.0	0.0	0.0	0.0	0.0004978274851006395	0.0	1.0217733375290257e-05	0.0	0.0	0.0005679993972107929	0.0
Cycle_59	0.17766695139440677	9.016671548336726e-06	0.0006892069368964793	0.0035482140244840273	0.009418142676156368	0.017993400276101724	0.00020489432727788218	0.0	0.0	1.0122677226297565	0.0	0.0	0.0	0.0	0.0	0.0005007214402538803	0.0	7.201542356808599e-06	0.0	0.0	0.0005512734740969029	0.0
Cycle_60	0.1790880801887005	8.68983862299021e-06	0.0006531010477512708	0.0035259549221892173	0.009282859382097717	0.01812100548014007	0.00019796286424492623	0.0	0.0	1.012334298044331	0.0	0.0	0.0	0.0	0.0	0.0005124762550143393	0.0	9.628846028330947e-06	0.0	0.0	0.0005595095553562354	0.0
Cycle_61	0.17416877488037436	8.307288177212821e-06	0.0006614373892585534	0.0035353908450097065	0.00913941659543081	0.017859223898051533	0.00021521289405102435	0.0	0.0	1.0122133161951417	0.0	0.0	0.0	0.0	0.0	0.0004975638171946333	0.0	4.851252976998201e-06	0.0	0.0	0.0005639315199776779	0.0
Cycle_62	0.17468042342900986	8.172656123952157e-06	0.0007069193067807161	0.00353933543562542	0.009464253222392575	0.018283529133328015	0.0001888562424997056	0.0	0.0	1.012316415975146	0.0	0.0	0.0	0.0	0.0	0.0005140516398783226	0.0	1.3321787612273522e-05	0.0	0.0	0.0005603119353273653	0.0
Cycle_63	0.17820732944345458	8.163217651453282e-06	0.000650811206110587	0.003568842499674843	0.00908707843017538	0.017959527732499966	0.00020307533480298846	0.0	0.0	1.0123554110581767	0.0	0.0	0.0	0.0	0.0	0.0005085505507119757	0.0	1.1562019305666287e-05	0.0	0.0	0.0005601753177375834	0.0
Cycle_64	0.17702857206424727	7.5073258729200336e-06	0.0007028769169069724	0.003536394125626629	0.009335943688195337	0.01790602607122863	0.00014675509839724783	0.0	0.0	1.0122608258742238	0.0	0.0	0.0	0.0	0.0	0.0004989630376029657	0.0	5.266205020206467e-06	0.0	0.0	0.0005654850675997588	0.0
Cycle_65	0.18359859825742217	8.960543022447562e-06	0.0006991522905886601	0.003550719395302371	0.009355008203924611	0.017781390772658556	0.00014526259898628788	0.0	0.0	1.012371249999137	0.0	0.0	0.0	0.0	0.0	0.0005114035080940433	0.0	1.0771876171910646e-05	0.0	0.0	0.0005589114919462156	0.0
Cycle_66	0.17942435445569296	8.862123069427044e-06	0.0006214137730783271	0.00355653156923949	0.00907787732962773	0.017957930717104487	0.00012919759226272175	0.0	0.0	1.0123878524109984	0.0	0.0	0.0	0.0	0.0	0.0005091086196180247	0.0	3.836400994589896e-06	0.0	0.0	0.000574588675222509	0.0
Cycle_67	0.1773453658374908	8.49911519972197e-06	0.0007139446087325558	0.003563714069192012	0.009362740289589989	0.01754820676902648	8.065755366490902e-05	0.0	0.0	1.0122662482890943	0.0	0.0	0.0	0.0	0.0	0.0005003627681391429	0.0	9.888929580453377e-06	0.0	0.0	0.0005751588445795551	0.0
Cycle_68	0.18254458175802277	7.810423963784134e-06	0.000660462014112441	0.003562848653438976	0.008712768454208576	0.016611263702157538	5.339622067959301e-05	0.0	0.0	1.0123027181182978	0.0	0.0	0.0	0.0	0.0	0.0005022831056670685	0.0	1.0453921760807078e-06	0.0	0.0	0.0005759158784473026	0.0
Cycle_69	0.16737482654248403	7.989564577093215e-06	0.0007788649351720841	0.0034916574575071155	0.008817842224983788	0.016795127587305815	6.204292595491111e-05	0.0	0.0	1.012233979732799	0.0	0.0	0.0	0.0	0.0	0.0004890795516038672	0.0	0.0	0.0	0.0	0.0005697121355524515	0.0
Cycle_70	0.1566217842152559	8.283825706912448e-06	0.000631898551100882	0.0034629218408574265	0.008947575812766511	0.017790375337385783	9.654691572909767e-05	0.0	0.0	1.012550713803673	0.0	0.0	0.0	0.0	0.0	0.0005277933429233581	0.0	1.1005015307922843e-05	0.0	0.0	0.0005620851867737943	0.0
Cycle_71	0.1872099994333515	9.376626115883384e-06	0.000768599296981693	0.00357281843452702	0.010214310289721288	0.019216562499905294	4.5190307000291893e-05	0.0	0.0	1.0123174123138305	0.0	0.0	0.0	0.0	0.0	0.0005180535759610522	0.0	4.359535306825096e-06	0.0	0.0	0.0005813498248456576	0.0
Cycle_72	0.17892618863056078	8.0424812214871e-06	0.0007193293020766779	0.003556593277480709	0.009285534714052102	0.01775794703005886	1.1235008159863359e-05	0.0	0.0	1.012304996878841	0.0	0.0	0.0	0.0	0.0	0.0005111890565933025	0.0	1.1771889811857209e-05	0.0	0.0	0.0005720320430532361	0.0
Cycle_73	0.17935135925231568	8.262357958729266e-06	0.0007438403495538972	0.003536164220667005	0.009500915739260724	0.018135769478783537	3.242434171111745e-05	0.0	0.0	1.0123445490310097	0.0	0.0	0.0	0.0	0.0	0.00050398776465555	0.0	5.165891486824894e-06	0.0	0.0	0.0005808452531345592	0.0
Cycle_74	0.1793289126358211	7.752443026504077e-06	0.0007140051148186706	0.0035541337155074113	0.009474761020364394	0.01777037751296506	5.662534986413163e-06	0.0	0.0	1.0124936565052212	0.0	0.0	0.0	0.0	0.0	0.0005168618766675704	0.0	1.3711261085714024e-05	0.0	0.0	0.0005641012454610288	0.0
Cycle_75	0.17534717719387427	8.10812052373563e-06	0.0007118159899878138	0.0035571408811141637	0.00923885507461993	0.017762394250123815	0.0	0.0	0.0	1.012403168684522	0.0	0.0	0.0	0.0	0.0	0.0005204656703047785	0.0	9.005318438864701e-06	0.0	0.0	0.0005764289418926719	0.0
Cycle_76	0.17995886187122706	8.277019639927424e-06	0.0006887114865250975	0.003532070518710713	0.009480560525441217	0.01786015009276376	0.0	0.0	0.0	1.0123432789550018	0.0	0.0	0.0	0.0	0.0	0.0005093019460324812	0.0	5.813091897029568e-06	0.0	0.0	0.0005815305460589597	0.0
Cycle_77	0.17787930917997263	8.876723860351111e-06	0.0007129306377385843	0.003520771070272284	0.009185180507124333	0.017631722053356908	7.773864187866512e-06	0.0	0.0	1.0123545605445785	0.0	0.0	0.0	0.0	0.0	0.0005174115555461615	0.0	4.355764856449303e-06	0.0	0.0	0.0005858015229204056	0.0
Cycle_78	0.17884814070631536	8.39040767023436e-06	0.0007296372599017689	0.0035097849316196757	0.009410889644797632	0.01789358065015335	0.0	0.0	0.0	1.0124344833374743	0.0	0.0	0.0	0.0	0.0	0.0005116677227104688	0.0	3.4312345316146493e-06	0.0	0.0	0.000580888025578218	0.0
Cycle_79	0.18087439246915243	8.649345892636154e-06	0.0006899310281050614	0.0035639504965055803	0.009942488508732847	0.018837930968911204	1.3285970570490648e-05	0.0	0.0	1.012620806482165	0.0	0.0	0.0	0.0	0.0	0.0005327129101856146	0.0	7.44021757329386e-06	0.0	0.0	0.0005778156252316866	0.0
Cycle_80	0.1864317459302794	9.13296182163895e-06	0.0006962022823408268	0.0035598563846568195	0.009286637674336457	0.017696833893278238	0.0	0.0	0.0	1.0124575943564087	0.0	0.0	0.0	0.0	0.0	0.0004999009957682308	0.0	1.4460655137402353e-05	0.0	0.0	0.0005699920464317632	0.0
Cycle_81	0.1894728583031359	8.3481266192087e-06	0.0008291670315896966	0.003556573273769001	0.009400469742864091	0.01789836539991399	0.0	0.0	0.0	1.0124249795420848	0.0	0.0	0.0	0.0	0.0	0.0005134213850032464	0.0	6.996106656688413e-06	0.0	0.0	0.0005747224832418514	0.0
Cycle_82	0.17962319845088415	8.579510863743007e-06	0.000662301686515396	0.0035306410126127357	0.009731764358112023	0.01820926774910821	0.0	0.0	0.0	1.0124986744761824	0.0	0.0	0.0	0.0	0.0	0.0005099449387311741	0.0	4.05462160818318e-06	0.0	0.0	0.0005945024242492525	0.0
Cycle_83	0.18254698591156504	7.780937512893528e-06	0.0006888622731195523	0.0035139906396912135	0.009390453338880249	0.01784547332227257	0.0	0.0	0.0	1.0124995538590509	0.0	0.0	0.0	0.0	0.0	0.0005183489627819541	0.0	7.325651832519143e-06	0.0	0.0	0.0005854439122543081	0.0
Cycle_84	0.18132286028371145	8.365832082286625e-06	0.0007250269834580517	0.003536692115144415	0.009354720528607263	0.017705386641566963	0.0	0.0	0.0	1.0124847100592274	0.0	0.0	0.0	0.0	0.0	0.0005051794108803676	0.0	5.308506994729757e-06	0.0	0.0	0.0005708271925608093	0.0
Cycle_85	0.18399119580609463	8.225099492922236e-06	0.0007360289024660186	0.003536106715000255	0.00939734388181164	0.017759965594515672	0.0	0.0	0.0	1.0124996895081841	0.0	0.0	0.0	0.0	0.0	0.0004988566922436216	0.0	9.436185582795405e-06	0.0	0.0	0.0005632766794855878	0.0
Cycle_86	0.1764043108656556	8.07395914415168e-06	0.0007753441731215998	0.003503738796126206	0.009100605376702858	0.017671387366886344	0.0	0.0	0.0	1.0125150077331386	0.0	0.0	0.0	0.0	0.0	0.0005033664039541523	0.0	6.076438467769535e-06	0.0	0.0	0.000566557734323675	0.0
Cycle_87	0.1795840709316879	8.735562289582251e-06	0.0007541133515150001	0.0034991771401661903	0.009169740145539668	0.01766881317335561	0.0	0.0	0.0	1.0125153606209771	0.0	0.0	0.0	0.0	0.0	0.0005004280679268751	0.0	3.2893279914684545e-07	0.0	0.0	0.0005599918570470816	0.0
Cycle_88	0.16777329142911984	8.20856627008624e-06	0.000695329960694904	0.003468526684541063	0.009158196473082938	0.017339439881756066	0.0	0.0	0.0	1.0124698927611628	0.0	0.0	0.0	0.0	0.0	0.0004919336563269447	0.0	1.288527562384077e-05	0.0	0.0	0.0005710624397763389	0.0
Cycle_89	0.17623669207484963	8.877069370701115e-06	0.0006989531936998061	0.003463831767706287	0.009743310685381002	0.018261933232617655	0.0	0.0	0.0	1.0125510628916963	0.0	0.0	0.0	0.0	0.0	0.0005024777923287153	0.0	1.4758147946249583e-05	0.0	0.0	0.0005623132822841339	0.0
Cycle_90	0.18141479137938452	8.253215336747835e-06	0.0006907333989025714	0.0035147347638079408	0.009497022955937932	0.018104830822179573	0.0	0.0	0.0	1.012604350942065	0.0	0.0	0.0	0.0	0.0	0.0005039023313269983	0.0	1.086812298267263e-05	0.0	0.0	0.0005673057873419748	0.0
Cycle_91	0.182884617192038	8.229101637182793e-06	0.0006195634009926637	0.003500148431402514	0.009293629289977167	0.017628985743114646	0.0	0.0	0.0	1.0126069349312439	0.0	0.0	0.0	0.0	0.0	0.0004954060589823093	0.0	8.453039646293154e-06	0.0	0.0	0.0005700650756788957	0.0
Cycle_92	0.18667913102819547	8.72169521489752e-06	0.0007936740727919828	0.0034914369658254267	0.009538966656292497	0.0178920434323528	0.0	0.0	0.0	1.0126149140516356	0.0	0.0	0.0	0.0	0.0	0.0004979753332604985	0.0	1.5671114105847058e-05	0.0	0.0	0.0005585605699257575	0.0
Cycle_93	0.18307859816175454	8.38062008065084e-06	0.0006849531765957304	0.003490844339552579	0.009364692107257601	0.017868739332696542	0.0	0.0	0.0	1.012641873836309	0.0	0.0	0.0	0.0	0.0	0.0005019893531107607	0.0	8.722160593703014e-06	0.0	0.0	0.0005680111817386311	0.0
Cycle_94	0.1820332622660164	8.050744847358116e-06	0.0006956266601243862	0.003458637799595929	0.00926640762713662	0.017571187117921643	0.0	0.0	0.0	1.012617248389574	0.0	0.0	0.0	0.0	0.0	0.0005014658866282855	0.0	1.8117916650173487e-05	0.0	0.0	0.0005506686357259981	0.0
Cycle_95	0.1828416814201911	8.283568087441273e-06	0.0007283855902094365	0.0034798071702257247	0.009581696401930972	0.01793478040035036	0.0	0.0	0.0	1.012502307760986	0.0	0.0	0.0	0.0	0.0	0.0004912669543385308	0.0	1.1473618397039842e-05	0.0	0.0	0.0005561756716174914	0.0
Cycle_96	0.18254595949908797	8.378821902761951e-06	0.0006756269759346014	0.0034546539024269563	0.009463214138323581	0.018054027810324492	0.0	0.0	0.0	1.012659946555605	0.0	0.0	0.0	0.0	0.0	0.0004902512370435945	0.0	1.0213319860969519e-05	0.0	0.0	0.0005628860663944962	0.0
Cycle_97	0.18455644074033456	8.594172686840016e-06	0.0007680262264743809	0.0034704139567148773	0.009405402507709257	0.01778015692795836	0.0	0.0	0.0	1.012662895033583	0.0	0.0	0.0	0.0	0.0	0.0005004041864467519	0.0	1.0768973114385429e-05	0.0	0.0	0.0005613690457042617	0.0
Cycle_98	0.182808252921238	8.785507909217214e-06	0.0007262514823039404	0.003500413016601581	0.009258943660802772	0.017766538920444674	0.0	0.0	0.0	1.0126185181541076	0.0	0.0	0.0	0.0	0.0	0.0005047800992499098	0.0	6.863199896420473e-06	0.0	0.0	0.0005755480964554931	0.0
Cycle_99	0.18400921458877623	8.370677036845103e-06	0.0007913467783457584	0.0034903237149936962	0.009473931661869954	0.017794454608855755	0.0	0.0	0.0	1.012644774627469	0.0	0.0	0.0	0.0	0.0	0.0004949317277513397	0.0	1.248241829103848e-05	0.0	0.0	0.0005628190697947812	0.0
Cycle_100	0.18082937998364143	8.103170685298715e-06	0.0007715000327598608	0.003469116408350175	0.00955293400415817	0.017808943782247157	0.0	0.0	0.0	1.0126606609108104	0.0	0.0	0.0	0.0	0.0	0.0004914629022256304	0.0	1.935611949181664e-05	0.0	0.0	0.0005634976680894661	0.0
Cycle_101	0.19099383232919326	8.334374565787983e-06	0.0007394014388621418	0.0034625229183595286	0.009655563715729837	0.017984069859070518	0.0	0.0	0.0	1.0126261679201483	0.0	0.0	0.0	0.0	0.0	0.0004887445440839317	0.0	1.4464480540119585e-05	0.0	0.0	0.0005658449493665141	0.0
Cycle_102	0.18441074792510545	8.174740622449506e-06	0.0007855045761052115	0.0034817888829655847	0.009468981118669857	0.01789857995727789	0.0	0.0	0.0	1.0127542566367047	0.0	0.0	0.0	0.0	0.0	0.0005001335691250126	0.0	1.51256864351639e-05	0.0	0.0	0.0005602338413278923	0.0
Cycle_103	0.1848316890679785	8.450721612759085e-06	0.0007230250214188736	0.003473224093763876	0.009427045417859837	0.01766660990259216	0.0	0.0	0.0	1.0127419859073703	0.0	0.0	0.0	0.0	0.0	0.0005054861366589138	0.0	1.3097521515950007e-05	0.0	0.0	0.0005528201312275381	0.0
Cycle_104	0.18444358118741078	8.724540984365137e-06	0.000715383088027025	0.003498170054005254	0.009414641597686242	0.017741956315235192	0.0	0.0	0.0	1.0127277305276188	0.0	0.0	0.0	0.0	0.0	0.0004919706634239669	0.0	1.8008297531815552e-05	0.0	0.0	0.0005583711964254882	0.0
Cycle_105	0.18392980970172007	9.08329251182373e-06	0.0006634843964105235	0.003451804855361135	0.00935065533143865	0.017803238707817647	0.0	0.0	0.0	1.012696811339426	0.0	0.0	0.0	0.0	0.0	0.0005028478312657098	0.0	1.1372692798415376e-05	0.0	0.0	0.0005636041223755185	0.0
Cycle_106	0.18204638307865856	8.47323058885337e-06	0.0006942085372970385	0.003448543823541062	0.009346499692929083	0.017837688283445653	0.0	0.0	0.0	1.0127956942863043	0.0	0.0	0.0	0.0	0.0	0.0005000755353888466	0.0	1.2968087914413664e-05	0.0	0.0	0.0005579834613775932	0.0
Cycle_107	0.18299989582749449	8.05150315652303e-06	0.000706048647303886	0.0034183169370382055	0.009397032543031054	0.017800358801367915	0.0	0.0	0.0	1.0127866544023174	0.0	0.0	0.0	0.0	0.0	0.00048763397031906925	0.0	1.5472730488530952e-05	0.0	0.0	0.0005487655576503834	0.0
Cycle_108	0.18436344008976718	9.023705767398986e-06	0.0007137315187477288	0.003450433389223989	0.00951404765696369	0.017739720960960884	0.0	0.0	0.0	1.0127650149366725	0.0	0.0	0.0	0.0	0.0	0.0004891352997169545	0.0	1.7062428617596097e-05	0.0	0.0	0.0005464744704801179	0.0
Cycle_109	0.18510932928614204	9.222746363330452e-06	0.0006777310983553616	0.0034530552945841145	0.009452934973206567	0.0178463802276317	0.0	0.0	0.0	1.0127920856517858	0.0	0.0	0.0	0.0	0.0	0.0004898306437050908	0.0	1.2860652485982271e-05	0.0	0.0	0.0005608340915165321	0.0
Cycle_110	0.18658311040546985	8.137425271463268e-06	0.0006804410007449322	0.0034705145826672916	0.009472861665967027	0.017876722774145544	0.0	0.0	0.0	1.0128436011102036	0.0	0.0	0.0	0.0	0.0	0.0004991186719575496	0.0	1.5662828089176827e-05	0.0	0.0	0.0005605397983274482	0.0
Cycle_111	0.18659745804684771	8.697965830006616e-06	0.0007318798312080398	0.0034411823067259364	0.00956874375104889	0.01787918460319286	0.0	0.0	0.0	1.0128007413222873	0.0	0.0	0.0	0.0	0.0	0.00048432899515654394	0.0	1.5330253342319434e-05	0.0	0.0	0.0005546366624219558	0.0
Cycle_112	0.18773217707981976	8.693728219688333e-06	0.0006890969446831462	0.0034597718182609143	0.00937453797462711	0.01788645041078731	0.0	0.0	0.0	1.012742740026892	0.0	0.0	0.0	0.0	0.0	0.0004957801172933164	0.0	1.165180133342331e-05	0.0	0.0	0.000573918857677579	0.0
Cycle_113	0.18720342581248917	8.162614227425502e-06	0.0007720106910459773	0.003479092655124796	0.009311571801686602	0.017706783913112853	0.0	0.0	0.0	1.012789869573074	0.0	0.0	0.0	0.0	0.0	0.0004926920206060458	0.0	8.349888223002128e-06	0.0	0.0	0.0005661280155525649	0.0
Cycle_114	0.1818082723597276	7.971772729418727e-06	0.0007423868463543623	0.0034710409134460773	0.00982108940486978	0.01830860937619629	0.0	0.0	0.0	1.0128364754268373	0.0	0.0	0.0	0.0	0.0	0.0004998619938923996	0.0	1.2332682316812605e-05	0.0	0.0	0.0005724975277526743	0.0
Cycle_115	0.18296320874376043	9.06256898774993e-06	0.0007308768259237239	0.003453481733364971	0.009364666992686036	0.017674617486478233	0.0	0.0	0.0	1.012818003977538	0.0	0.0	0.0	0.0	0.0	0.0005042469046152448	0.0	1.1904005062090998e-05	0.0	0.0	0.0005707261223247013	0.0
Cycle_116	0.18568686348048838	8.90758730136227e-06	0.0007320129169423712	0.0034294132287390915	0.009509299358316594	0.017760818154805513	0.0	0.0	0.0	1.012888650004983	0.0	0.0	0.0	0.0	0.0	0.000491834196295842	0.0	1.3079922551939044e-05	0.0	0.0	0.0005566424325790855	0.0
Cycle_117	0.18279684516100445	7.951108976974294e-06	0.0007450689111747765	0.0034597759868360777	0.009246201717219613	0.0175009989181322	0.0	0.0	0.0	1.0128579606620387	0.0	0.0	0.0	0.0	0.0	0.0004955128884506667	0.0	1.027768285630361e-05	0.0	0.0	0.0005635256935173273	0.0
Cycle_118	0.18578571491054746	8.767827313513645e-06	0.0007129329816703395	0.00346819275917934	0.009579179180408513	0.01791438923507078	0.0	0.0	0.0	1.0129349447915068	0.0	0.0	0.0	0.0	0.0	0.0004884900528628805	0.0	1.611685779414395e-05	0.0	0.0	0.0005476667530419805	0.0
Cycle_119	0.18366177255988408	8.415754866369384e-06	0.0006976556463807579	0.0034409530423170588	0.009359219838400289	0.01791746995943183	0.0	0.0	0.0	1.0129490521269002	0.0	0.0	0.0	0.0	0.0	0.0005016376971007537	0.0	1.0794366693254847e-05	0.0	0.0	0.0005588865378562426	0.0
Cycle_120	0.1882994953074481	8.750367596826303e-06	0.000731427076184018	0.003463250933890732	0.009577868523900305	0.017972819337107468	0.0	0.0	0.0	1.0129297859422672	0.0	0.0	0.0	0.0	0.0	0.0004956665519803736	0.0	1.534306842795849e-05	0.0	0.0	0.0005613177510612286	0.0
Cycle_121	0.18446807752073227	9.197001620498564e-06	0.0007829529734439838	0.003464580823526908	0.009543793682479842	0.01803132369481882	0.0	0.0	0.0	1.0128991147820534	0.0	0.0	0.0	0.0	0.0	0.0004945295345680298	0.0	4.543966828646265e-06	0.0	0.0	0.000570978755757511	0.0
Cycle_122	0.18841990239754422	8.771443998639967e-06	0.0007340625846595031	0.003426991715292862	0.009561906212075848	0.01811137377429086	0.0	0.0	0.0	1.0129515205609245	0.0	0.0	0.0	0.0	0.0	0.0004981933958592786	0.0	7.246030510360518e-06	0.0	0.0	0.0005720821089496026	0.0
Cycle_123	0.18682264061897413	8.22901712731564e-06	0.0006718497242344636	0.0034199062646114264	0.0096199380792719	0.01791570524160453	0.0	0.0	0.0	1.0129282643320778	0.0	0.0	0.0	0.0	0.0	0.00048605944358422155	0.0	1.33575542980591e-05	0.0	0.0	0.0005663718875833109	0.0
Cycle_124	0.18470246669346904	7.759653994994014e-06	0.0007734662074034788	0.003444160316100413	0.00933236909120388	0.017901615955758662	0.0	0.0	0.0	1.0129290631169898	0.0	0.0	0.0	0.0	0.0	0.0004934419028861124	0.0	7.691031083270372e-06	0.0	0.0	0.0005658573797224302	0.0
Cycle_125	0.189098157646337	8.940642315096638e-06	0.0007462321549119463	0.003450820731662879	0.009526429562797029	0.017983980310968883	0.0	0.0	0.0	1.0130460963116177	0.0	0.0	0.0	0.0	0.0	0.0004967124195162192	0.0	1.3363438158579459e-05	0.0	0.0	0.0005469070639165206	0.0
Cycle_126	0.18205606556341808	8.703835150386643e-06	0.0007152083634090441	0.0034606733535390514	0.009294159611518991	0.017708810445638837	0.0	0.0	0.0	1.013068612082927	0.0	0.0	0.0	0.0	0.0	0.000496639539370922	0.0	1.0208766806873551e-05	0.0	0.0	0.000575225588838816	0.0
Cycle_127	0.18401498079364834	8.417802998781632e-06	0.0007559511339638572	0.003449265314082712	0.009578380370032478	0.01778439381848464	0.0	0.0	0.0	1.0129887606311925	0.0	0.0	0.0	0.0	0.0	0.0004909648010273001	0.0	1.5545712167562354e-05	0.0	0.0	0.0005551142653802145	0.0
Cycle_128	0.18264802342651595	9.345104241605964e-06	0.000573222716098831	0.0034518394176679037	0.009034302005110052	0.017174283671488245	0.0	0.0	0.0	1.0131393774177684	0.0	0.0	0.0	0.0	0.0	0.0004924955472262738	0.0	1.0267198023056384e-05	0.0	0.0	0.000556078861973939	0.0
Cycle_129	0.18493496871055007	8.906400439922487e-06	0.0007748181638521749	0.0034059642542704016	0.009299055732615108	0.017413011635215327	0.0	0.0	0.0	1.0129837666715844	0.0	0.0	0.0	0.0	0.0	0.0004929538253983285	0.0	1.4447762791387447e-05	0.0	0.0	0.0005660616993905216	0.0
Cycle_130	0.19172856228094495	8.362583428992063e-06	0.0007346693650600829	0.0034429626074909884	0.009543366295098513	0.018083356456184967	0.0	0.0	0.0	1.0130101322976148	0.0	0.0	0.0	0.0	0.0	0.000494309607583475	0.0	6.502272989896827e-06	0.0	0.0	0.0005714108651838941	0.0
Cycle_131	0.18370169298419037	8.131949503620554e-06	0.0007187765871472018	0.003418229059723648	0.009850218770949966	0.01860571194525822	0.0	0.0	0.0	1.0130419491346552	0.0	0.0	0.0	0.0	0.0	0.0004935202265667085	0.0	7.76318362035533e-06	0.0	0.0	0.0005736147670032096	0.0
Cycle_132	0.19077640326490175	9.206305861911097e-06	0.0006741819462462613	0.00344606908365467	0.009476626446285151	0.017552007580658526	0.0	0.0	0.0	1.0130413469292823	0.0	0.0	0.0	0.0	0.0	0.0004849763417777374	0.0	1.700137443622885e-05	0.0	0.0	0.000556126824344103	0.0
Cycle_133	0.18281720850184646	8.710378016500858e-06	0.0006348645365205043	0.0034147017864065215	0.009150676480538661	0.01692970169872745	0.0	0.0	0.0	1.0130619554670022	0.0	0.0	0.0	0.0	0.0	0.00048061101780199906	0.0	1.2108204600495553e-05	0.0	0.0	0.0005592222223094925	0.0
Cycle_134	0.185797529980362	8.10417648899586e-06	0.0007352514686026119	0.0034156913400742025	0.009373100271048755	0.01779691695678725	0.0	0.0	0.0	1.0130766394716724	0.0	0.0	0.0	0.0	0.0	0.0004904858312850588	0.0	1.344346409213178e-05	0.0	0.0	0.0005673370322117598	0.0
Cycle_135	0.18859416313945385	8.459771465074064e-06	0.0008158416522552465	0.0034401515890396792	0.009463881689255672	0.017916032047223102	0.0	0.0	0.0	1.0130959669204047	0.0	0.0	0.0	0.0	0.0	0.0005050918656850904	0.0	1.4141300978036543e-05	0.0	0.0	0.0005739081508791047	0.0
Cycle_136	0.191657295711674	8.711608742732183e-06	0.0007115647023013626	0.003453831857737868	0.009458074818214608	0.01784413236032318	0.0	0.0	0.0	1.0131803238542387	0.0	0.0	0.0	0.0	0.0	0.0005043619591565249	0.0	1.3202603045944635e-05	0.0	0.0	0.000570039969674024	0.0
Cycle_137	0.19296589906996145	8.686481376200775e-06	0.0007137089430122322	0.0034477807869139703	0.009571467985297332	0.017816682353293967	0.0	0.0	0.0	1.0132259930968077	0.0	0.0	0.0	0.0	0.0	0.0005003283301464306	0.0	1.7842552615282798e-05	0.0	0.0	0.0005534450041335474	0.0
Cycle_138	0.190462147049271	8.2331723472786e-06	0.0007805697432554576	0.0034244499950874144	0.009323902580752464	0.01744491508092162	0.0	0.0	0.0	1.0131443837672194	0.0	0.0	0.0	0.0	0.0	0.0004921913149443431	0.0	8.605993343708277e-06	0.0	0.0	0.0005633866309118751	0.0
Cycle_139	0.18699155884635263	8.535238140620813e-06	0.0007481521781175247	0.0034164256961179687	0.009472807280270263	0.017778651942687046	0.0	0.0	0.0	1.01320836489113	0.0	0.0	0.0	0.0	0.0	0.0004881673743064436	0.0	1.739575497247961e-05	0.0	0.0	0.0005599216978931675	0.0
Cycle_140	0.1905043423418789	9.389368010094149e-06	0.0006563641573267537	0.0034103207113797777	0.009519362810975138	0.017745716169192453	0.0	0.0	0.0	1.013145116721555	0.0	0.0	0.0	0.0	0.0	0.00048397079408318984	0.0	1.1014019603391071e-05	0.0	0.0	0.0005574878707240487	0.0
Cycle_141	0.19224603523031183	8.459678051143995e-06	0.0006901079417556171	0.0034132203360917905	0.00927586823517376	0.01741001784843594	0.0	0.0	0.0	1.0131850033759218	0.0	0.0	0.0	0.0	0.0	0.000491264475530534	0.0	1.6365232687698496e-05	0.0	0.0	0.0005700387746947603	0.0
Cycle_142	0.1881935185345276	9.369479986311574e-06	0.0006590748822400174	0.0034042615073423045	0.009048896651769089	0.01699679569476923	0.0	0.0	0.0	1.0132963533655992	0.0	0.0	0.0	0.0	0.0	0.0004932016611571774	0.0	1.1771337685280368e-05	0.0	0.0	0.0005577783262250418	0.0
Cycle_143	0.18839590342511112	9.084689666151253e-06	0.0006634153413480268	0.003425319322554734	0.009837061186241745	0.01821832149234017	0.0	0.0	0.0	1.0133270411231636	0.0	0.0	0.0	0.0	0.0	0.0004952224878020981	0.0	1.7255801091041047e-05	0.0	0.0	0.0005542301934896387	0.0
Cycle_144	0.1466066685678633	7.631087672812609e-06	0.0007370115086249478	0.0049579860013854405	0.00019242639466118515	0.0011139089626518296	0.00010051165741030428	0.0	6.314852070549279e-05	1.0132375276431556	0.0	0.0	0.0	0.0	6.276435022916347e-05	0.0001463296977087167	0.011629259363478216	0.0	0.0	0.0	0.00069447437820753	0.0
Cycle_145	0.003738174924243915	7.018926032607929e-06	0.0011631443239504642	0.003933522741233443	0.0	0.0	0.0007130818556973718	0.0	0.0	1.0130789183818938	0.0	0.0	0.0	0.0	0.0	0.0009187701315522957	0.008712632111415552	0.0	0.0	0.0	0.0006516456242380777	0.0
