Molecule	Hydrogen	Deuterium	Methane	Water	Acetylene	Carbon monoxide	Ethylene	Ethane	Oxygen	Argon	Cyclopropene	Allene	Propyne	Propene	Carbon dioxide	Propane	Ethanol	1,3-Butadiyne	1-Buten-3-yne	1,3-Butadiene	1-Butyne	2-Butyne
Cycle_1	0.000265566353887784	3.589628522035979e-06	0.0005089254814671234	0.0026564807831836977	0.0	0.01984853760294661	0.0	0.0005307213736825364	0.002881528227722154	1.009532095898175	0.0	0.0	0.0	0.0	7.534223423947531e-05	9.04999280735996e-05	0.0	0.0	0.0	0.0	0.0003270382183280215	0.0
Cycle_2	0.0002307848051173705	3.0840304157623393e-06	2.8346919392793542e-06	0.0031117713312547013	0.0	0.009563486195464524	0.0	0.0	0.0016751130598435344	1.0109865641222475	0.0	0.0	0.0	0.0	2.791854283168012e-05	0.00028701072503864325	0.0	0.0	0.0	0.0	0.00026825255012932	0.0
Cycle_3	0.00026415883250690756	2.306123168938469e-06	0.0	0.0027673834881144486	0.004636995089395986	0.015965267444916647	5.712820025383413e-05	0.0	0.00020217650085379757	1.0127043574841348	0.0	0.0	0.0	0.0	0.0	0.0004750802037121899	0.0	0.0	0.0	0.0	0.0003146399683912786	0.0
Cycle_4	0.16914986162029755	4.97487496669202e-06	0.000863141934111199	0.005372420582395426	0.008908497723998158	0.017987754864354704	0.0004047373963925547	0.0	8.283275669240125e-05	1.011212057687123	0.0	0.0	0.0	0.0	0.0	0.00048238349265308897	0.0	4.279914399412964e-05	0.0	0.0	0.00039334992812565584	0.0
Cycle_5	0.18134132479712625	4.262461650055147e-06	0.0008720408006179172	0.005712841504866639	0.00885911044270602	0.01869623273092404	0.0005728282162768771	0.0	8.11832941907292e-05	1.0115182865557155	0.0	0.0	0.0	0.0	0.0	0.0005034766279709067	0.0	4.7839521281429345e-05	0.0	0.0	0.00039218959722900045	0.0
Cycle_6	0.18309747812883723	5.180475031372286e-06	0.0008696461279673534	0.005769238459465229	0.008747645902930146	0.018411551105312982	0.0006853590193274864	0.0	8.479694931898949e-05	1.0115992492566324	0.0	0.0	0.0	0.0	0.0	0.0005045469542485168	0.0	4.956429288918016e-05	0.0	0.0	0.0003865267693218745	0.0
Cycle_7	0.1814684250136679	5.341890688839648e-06	0.0008383303603596816	0.005768055957140371	0.008777523027014747	0.018317574545893403	0.000622738107843058	0.0	9.56617733797827e-05	1.0117936942193455	0.0	0.0	0.0	0.0	0.0	0.0005143214808379702	0.0	5.231738915802802e-05	0.0	0.0	0.0003861506928422674	0.0
Cycle_8	0.18113947033011363	5.168918239514809e-06	0.0008404004023782851	0.005804794136923255	0.00890122309322426	0.018159253111127253	0.0005753693568029415	0.0	0.00010463946569065973	1.011746131982279	0.0	0.0	0.0	0.0	0.0	0.0005176933190128863	0.0	5.177336819364426e-05	0.0	0.0	0.000382932060457944	0.0
Cycle_9	0.18074413180038815	5.387505968237992e-06	0.000836571177806536	0.0058324512039425415	0.008982111734771769	0.018552502767700308	0.0005636446701153954	0.0	0.00011097651228234884	1.0118545846983724	0.0	0.0	0.0	0.0	0.0	0.0005230798762256196	0.0	4.909607012165696e-05	0.0	0.0	0.0003879039157617392	0.0
Cycle_10	0.17855003404081882	6.5155684619112395e-06	0.0008471776375626701	0.005803737898473406	0.008973446245202929	0.018347685773419775	0.0006028928713489356	0.0	0.00011678625142241182	1.011788640178657	0.0	0.0	0.0	0.0	0.0	0.0005216411984830753	0.0	5.404638052321239e-05	0.0	0.0	0.0003881414503410163	0.0
Cycle_11	0.1806127381336844	5.371340932751324e-06	0.000848518798062933	0.005755747753298011	0.009094014525173161	0.018185036924766907	0.0004874505191117613	0.0	0.00012652028056315742	1.011862977682501	0.0	0.0	0.0	0.0	0.0	0.000526673657702658	0.0	5.003973173692604e-05	0.0	0.0	0.00038934465177634954	0.0
Cycle_12	0.18138619550934926	6.095497524073063e-06	0.0008469076651828818	0.005780781138561711	0.008985485529686758	0.0194311210829883	0.0006725388285237724	0.0	0.0001258503237152413	1.0118414117763306	0.0	0.0	0.0	0.0	0.0	0.0005232282941905158	0.0	4.8393209339867946e-05	0.0	0.0	0.0003909728416633439	0.0
Cycle_13	0.17995954827266977	6.443771109130887e-06	0.000860892882393287	0.005742693127258784	0.008971063835988394	0.018204836207461553	0.0005128632135828914	0.0	0.00012661399486009752	1.0118206252084507	0.0	0.0	0.0	0.0	0.0	0.0005272219474233655	0.0	5.142615947451183e-05	0.0	0.0	0.00038979199930471326	0.0
Cycle_14	0.17896659873411103	6.248811422211255e-06	0.0008401125589857642	0.005712505721304397	0.008988912612563772	0.01846869288994841	0.0005292990472741721	0.0	0.00013442274868065866	1.0119128006513354	0.0	0.0	0.0	0.0	0.0	0.0005311221259697984	0.0	5.18386055697182e-05	0.0	0.0	0.0003956410667805953	0.0
Cycle_15	0.17606449190762685	7.029317644350687e-06	0.000833473567493728	0.005651892678464949	0.009041814089460426	0.018248578397377573	0.0005296291483386482	0.0	0.00013327032602064663	1.0118605804517757	0.0	0.0	0.0	0.0	0.0	0.0005262759034158446	0.0	5.170635685541396e-05	0.0	0.0	0.00039008204148196476	0.0
Cycle_16	0.17913840336664516	6.340909358862541e-06	0.0008541423719373323	0.005624925851239961	0.00907787075539113	0.01854343190627983	0.0004699795931479031	0.0	0.0001488163525062302	1.0119047594646378	0.0	0.0	0.0	0.0	0.0	0.0005303036080307624	0.0	5.3548735372509796e-05	0.0	0.0	0.0003922224084627365	0.0
Cycle_17	0.17789647564203845	6.429149033276405e-06	0.0008378495371853242	0.005609753374072913	0.009049687810987242	0.01857474393619221	0.00044555782731939357	0.0	0.00014093852466746614	1.011931335545966	0.0	0.0	0.0	0.0	0.0	0.0005302914094734756	0.0	4.988196140395924e-05	0.0	0.0	0.0003957587927465189	0.0
Cycle_18	0.17637472512338856	6.941558337424039e-06	0.0008339480242259909	0.005558291114373522	0.00911217095145872	0.01834274588047353	0.0004351232954507483	0.0	0.0001365334403298993	1.0119423628121569	0.0	0.0	0.0	0.0	0.0	0.0005335139790892662	0.0	5.0291366186282316e-05	0.0	0.0	0.0003931018098269519	0.0
Cycle_19	0.17758498766100475	6.696110485920101e-06	0.0008262078436221652	0.005509436906248866	0.009229829560079462	0.018488625875871315	0.00041287045570585393	0.0	0.00014188877008918747	1.0119094929353505	0.0	0.0	0.0	0.0	0.0	0.0005298458460700575	0.0	4.9967109924638996e-05	0.0	0.0	0.00038896513664018475	0.0
Cycle_20	0.17817928033711053	7.388101727357974e-06	0.0008282215195462917	0.005455604428267941	0.00924537478917637	0.018271739988007914	0.0003276505352316594	0.0	0.00014181061160935078	1.0119941622523647	0.0	0.0	0.0	0.0	0.0	0.0005338246479500342	0.0	4.827668985932625e-05	0.0	0.0	0.0003967451136612964	0.0
Cycle_21	0.17851565137559272	7.560706194740912e-06	0.0008516372476514373	0.005473272057288852	0.009257802010406487	0.01840160915936765	0.00037358083684290295	0.0	0.00013411543662895906	1.0119475697062315	0.0	0.0	0.0	0.0	0.0	0.0005322943315392396	0.0	5.2064003346765324e-05	0.0	0.0	0.0003972101480807128	0.0
Cycle_22	0.18098809230522622	6.730279743231386e-06	0.0008478916611824232	0.005398363475123339	0.009172105917960296	0.01870227057302614	0.00035880364242593524	0.0	0.00014554496922735346	1.0119758610705138	0.0	0.0	0.0	0.0	0.0	0.0005359387249241888	0.0	5.056828251760896e-05	0.0	0.0	0.00040245851782288805	0.0
Cycle_23	0.17868865084969696	7.455576728517824e-06	0.0008371603056108975	0.0053742559814097994	0.009306991403753285	0.018531209027911246	0.00038132938038371977	0.0	0.00013659038455914597	1.012046321660006	0.0	0.0	0.0	0.0	0.0	0.0005350272829263539	0.0	4.709053803670274e-05	0.0	0.0	0.00038986407140467115	0.0
Cycle_24	0.1786076539713838	7.142052847783463e-06	0.0008400594401685149	0.005369573261542667	0.009210110230882368	0.01848334768676038	0.0004953115214745333	0.0	0.00014298233008219573	1.0120157792878037	0.0	0.0	0.0	0.0	0.0	0.0005351964826592364	0.0	4.9925493989887516e-05	0.0	0.0	0.0003887428996888523	0.0
Cycle_25	0.17715874646562832	6.484117958294189e-06	0.0008239191168566758	0.005301851287270691	0.009314846600637638	0.018338717423571932	0.00033476179418363735	0.0	0.00015981753961048393	1.011965060617765	0.0	0.0	0.0	0.0	0.0	0.0005304410129751198	0.0	5.149908913056178e-05	0.0	0.0	0.0004054468992332595	0.0
Cycle_26	0.1788652773614983	7.757878907867386e-06	0.0008234381145273725	0.005258464778253518	0.009283321953134093	0.018186812517997804	0.00026506948987335075	0.0	0.00012840186748861002	1.0119956014702725	0.0	0.0	0.0	0.0	0.0	0.0005304357099089393	0.0	5.00886575964206e-05	0.0	0.0	0.0004035785382500327	0.0
Cycle_27	0.1782477472710798	7.496487246893831e-06	0.0008012960933929876	0.0052295907593807815	0.009137620180757863	0.01856558200591511	0.00041757647617471344	0.0	0.0001379831676864731	1.0119688429094766	0.0	0.0	0.0	0.0	0.0	0.0005300394123798457	0.0	5.032218956569251e-05	0.0	0.0	0.00040595920014503586	0.0
Cycle_28	0.1784651359431312	7.018599002423692e-06	0.0008374492301564812	0.0052063854448510085	0.009263521061592932	0.018378318801775387	0.00034853643769930354	0.0	0.00013775531185881523	1.0119889560006397	0.0	0.0	0.0	0.0	0.0	0.0005319119808662621	0.0	4.965102857612907e-05	0.0	0.0	0.00040434085066123817	0.0
Cycle_29	0.17711986330717439	7.556752727756788e-06	0.0008012119734562191	0.005148505686834407	0.009367121098638638	0.018191528684872896	0.0002635159127535829	0.0	0.0001295553668402901	1.0120242668073594	0.0	0.0	0.0	0.0	0.0	0.0005318659054740783	0.0	5.2765938110518216e-05	0.0	0.0	0.000398053935183447	0.0
Cycle_30	0.17992041403049283	7.121370647141847e-06	0.00080763276201809	0.005124412917132553	0.00919207582329727	0.01823714975807903	0.00028793028126396995	0.0	0.00012256973998740279	1.0120497541228128	0.0	0.0	0.0	0.0	0.0	0.0005303178284464299	0.0	4.761039116168064e-05	0.0	0.0	0.00040538438285882457	0.0
Cycle_31	0.17778113065439313	7.301388804691111e-06	0.0008128763370231205	0.00509475356052165	0.00922784681166852	0.018230926197261424	0.0002918087432593069	0.0	0.00012217237367149152	1.0120266547226713	0.0	0.0	0.0	0.0	0.0	0.0005308791325725119	0.0	4.50960256186213e-05	0.0	0.0	0.0004117415272779977	0.0
Cycle_32	0.178151357383384	7.4309210352931205e-06	0.0008359769766140042	0.005029245164094803	0.009138207739046146	0.018319608307722925	0.00033617621491197606	0.0	0.0001267155831128922	1.0118927427528825	0.0	0.0	0.0	0.0	0.0	0.0005268740258412861	0.0	4.536146940776087e-05	0.0	0.0	0.00041218467244641264	0.0
Cycle_33	0.1781628862049231	7.797273804651296e-06	0.0008420177378688296	0.005032463370278673	0.009229653158751768	0.018215224079661342	0.000274212400103482	0.0	0.00011995203952119417	1.0120875760161525	0.0	0.0	0.0	0.0	0.0	0.0005322194189861496	0.0	4.699081951487273e-05	0.0	0.0	0.00041834748651674926	0.0
Cycle_34	0.1780377571206628	7.2660000904007996e-06	0.0008475830517445204	0.00500731346665599	0.009415631126704632	0.018189305422187656	0.00024422011666657345	0.0	0.00012884030710536826	1.0120383710739864	0.0	0.0	0.0	0.0	0.0	0.0005303780188707574	0.0	4.78539247884454e-05	0.0	0.0	0.00041171101665970973	0.0
Cycle_35	0.1772355240907108	7.296513429070696e-06	0.0008204929000407013	0.0049526325911911796	0.009318344316248188	0.018119255352014127	0.0002134715249902422	0.0	0.00011178364052632666	1.0119796148339801	0.0	0.0	0.0	0.0	0.0	0.0005280580054015951	0.0	4.657308261402249e-05	0.0	0.0	0.00041857332191976124	0.0
Cycle_36	0.17821990023446202	8.021299718664585e-06	0.0008650715484764225	0.004947419339730477	0.009339350766326726	0.018173967313909568	0.00025292904609708756	0.0	0.00011185993476179748	1.0120849882200822	0.0	0.0	0.0	0.0	0.0	0.0005377506248707007	0.0	5.177865777975289e-05	0.0	0.0	0.0004050101602072386	0.0
Cycle_37	0.17796533929001046	7.529773335821259e-06	0.0008422123183065414	0.004936575121417275	0.009239275426517864	0.017953366826023498	0.0002179645943969539	0.0	0.00010510283690863828	1.011943743625619	0.0	0.0	0.0	0.0	0.0	0.0005340149257252828	0.0	4.507178618254728e-05	0.0	0.0	0.00041643308764184996	0.0
Cycle_38	0.1791727155709222	7.900804115118815e-06	0.0008686337695593038	0.004943410469481345	0.009362809396338084	0.018144752255095226	0.0002050381367047182	0.0	0.00011384354043980829	1.0121310904354073	0.0	0.0	0.0	0.0	0.0	0.0005435020782778089	0.0	5.1596590343817666e-05	0.0	0.0	0.00041153719664745484	0.0
Cycle_39	0.17956252929512198	7.135418004105578e-06	0.0008422162376136823	0.004918589560008235	0.009401137352555395	0.018151723787216283	0.00019004125548569993	0.0	0.00010113279987407991	1.0120922437016606	0.0	0.0	0.0	0.0	0.0	0.0005411746798491811	0.0	4.7209255951112065e-05	0.0	0.0	0.0004202798553359521	0.0
Cycle_40	0.17906018611439545	7.538337452057693e-06	0.0008504745109631044	0.0048994256688730305	0.009079866134368359	0.018202029910789452	0.0003734360755519617	0.0	0.0001131740033954321	1.0119880076489414	0.0	0.0	0.0	0.0	0.0	0.0005328736605173291	0.0	4.48393559297641e-05	0.0	0.0	0.00041921337612495446	0.0
Cycle_41	0.17787956381751654	7.54952297866491e-06	0.0008348737178590012	0.004887844113786307	0.00913131147304833	0.018129993173797525	0.0002472038943103	0.0	0.00012381861871433466	1.0120907010531197	0.0	0.0	0.0	0.0	0.0	0.0005389787414540984	0.0	4.791783740072714e-05	0.0	0.0	0.000414542588286913	0.0
Cycle_42	0.17750027605453156	7.397018371968089e-06	0.0008153445279012691	0.0048313701452897045	0.00928825044964822	0.018066861652764284	0.0002120889860367856	0.0	0.0001088678213394396	1.0120440240327713	0.0	0.0	0.0	0.0	0.0	0.0005336273387540554	0.0	4.7235134841964645e-05	0.0	0.0	0.0004151203866836176	0.0
Cycle_43	0.17825997750670727	8.176943849332119e-06	0.0008173444698018153	0.004841140149460635	0.009139456429390338	0.017986657102460425	0.0002447947725277498	0.0	0.00010799518211341313	1.0120620006211802	0.0	0.0	0.0	0.0	0.0	0.0005324866597845008	0.0	4.8940561075769086e-05	0.0	0.0	0.000417280597059297	0.0
Cycle_44	0.17618655238519565	7.596994984527563e-06	0.0008238156031185863	0.004826021956228885	0.00927921274707357	0.018141816278678412	0.00022649072537891214	0.0	0.00010151578574247715	1.0120899531281418	0.0	0.0	0.0	0.0	0.0	0.0005377437595143081	0.0	4.860185941560286e-05	0.0	0.0	0.00041326634766134825	0.0
Cycle_45	0.1767604726310245	8.193938534379644e-06	0.000816528085538492	0.004797295778098502	0.009246198675074733	0.017895010050281705	0.00016981503203248758	0.0	9.536200859930204e-05	1.0121081472509368	0.0	0.0	0.0	0.0	0.0	0.0005348279972889036	0.0	4.568358404965511e-05	0.0	0.0	0.00041692655608455625	0.0
Cycle_46	0.1783169955895395	8.153903394321972e-06	0.0008475209544234156	0.004791901358503283	0.009232517072662982	0.01798760555779893	0.00022500665895812497	0.0	9.545570116778194e-05	1.0121524805905413	0.0	0.0	0.0	0.0	0.0	0.0005417644239744313	0.0	5.002089855704245e-05	0.0	0.0	0.0004130607562581181	0.0
Cycle_47	0.17906265960156556	7.300253799462636e-06	0.00083805089046739	0.004753149270576288	0.009142316462600882	0.017844039977260414	0.0001842779209380674	0.0	9.015147873328898e-05	1.012206795325779	0.0	0.0	0.0	0.0	0.0	0.0005375713741571873	0.0	4.783086434452762e-05	0.0	0.0	0.00041560232274837923	0.0
Cycle_48	0.17749277866416655	8.080647615389313e-06	0.0008390061490282592	0.004759996691846571	0.009228287827683777	0.01794516405825291	0.00019605643922676093	0.0	8.981200508760455e-05	1.0121690947422863	0.0	0.0	0.0	0.0	0.0	0.0005426141678316808	0.0	4.93322712185523e-05	0.0	0.0	0.00041490443819883346	0.0
Cycle_49	0.17917321223105726	7.720537316239207e-06	0.000838605896267544	0.004772396911953506	0.008945732810373804	0.018272232666811224	0.0004363823994487699	0.0	9.674474947758299e-05	1.0120693562961915	0.0	0.0	0.0	0.0	0.0	0.0005347654735527517	0.0	4.671071979299019e-05	0.0	0.0	0.0004238007784857911	0.0
Cycle_50	0.17762160536761545	8.600135680282704e-06	0.0008422517927859248	0.004735305940502637	0.009191197928729826	0.018014764420350736	0.00029022494268086317	0.0	9.821948160787838e-05	1.0120886320784046	0.0	0.0	0.0	0.0	0.0	0.0005344081585793758	0.0	4.700504176348885e-05	0.0	0.0	0.00042300828366865096	0.0
Cycle_51	0.17765049921101217	8.819154854314565e-06	0.0008277064443169542	0.004704998058865145	0.009124757082700946	0.018355046543365342	0.00023862364353768387	0.0	9.517427375464056e-05	1.01211578037708	0.0	0.0	0.0	0.0	0.0	0.0005410233435120516	0.0	4.8531314580496994e-05	0.0	0.0	0.00041909860592847966	0.0
Cycle_52	0.17952107776303464	7.978280011102154e-06	0.0008306381079163784	0.004686571253012623	0.009367446939297556	0.018248793576241183	0.00022290555416912494	0.0	9.363567360190825e-05	1.0120916464613479	0.0	0.0	0.0	0.0	0.0	0.0005382555886568895	0.0	3.9493070775244575e-05	0.0	0.0	0.000423880533087784	0.0
Cycle_53	0.1772780936145703	8.13251201494189e-06	0.0008389394042030685	0.0046966922993845394	0.009237659824175072	0.017873929915927237	0.00026746869945555433	0.0	8.776320823244831e-05	1.0121324221253127	0.0	0.0	0.0	0.0	0.0	0.0005434281760093153	0.0	4.4430310617473284e-05	0.0	0.0	0.00041751469307048285	0.0
Cycle_54	0.1771871375335088	7.915622954447571e-06	0.0008427554170413546	0.004662078479188597	0.009245291129971883	0.017927229763283363	0.0002316873678887016	0.0	8.210002288493642e-05	1.0120615199225773	0.0	0.0	0.0	0.0	0.0	0.0005385205100740551	0.0	4.7971387853999716e-05	0.0	0.0	0.00041513312821629423	0.0
Cycle_55	0.1792942740658683	7.491178345263241e-06	0.0008607011665383817	0.004673186395822497	0.009275407243296823	0.018052582880078386	0.0002191468496124424	0.0	8.209174408436568e-05	1.0121693942792305	0.0	0.0	0.0	0.0	0.0	0.0005398305883239458	0.0	4.9569155383530464e-05	0.0	0.0	0.00042159813144731004	0.0
Cycle_56	0.17974904685693538	8.439685875390994e-06	0.0008146424757324711	0.004645555743704151	0.009368235756976116	0.017959423621334215	0.0001636224333030186	0.0	7.898808876018218e-05	1.012149374433644	0.0	0.0	0.0	0.0	0.0	0.0005451405491681185	0.0	4.770458825780664e-05	0.0	0.0	0.000420658541031553	0.0
Cycle_57	0.18086621994837127	7.488731787734407e-06	0.0008365101540536179	0.0046220598079941225	0.00936349563673522	0.017839582174300803	0.0001614482448446032	0.0	7.844372830654594e-05	1.0121930701452821	0.0	0.0	0.0	0.0	0.0	0.0005424445235181259	0.0	4.5568937056754776e-05	0.0	0.0	0.00042611982066172177	0.0
Cycle_58	0.1805201504116017	8.12005945305611e-06	0.000852712624141887	0.004629278328609214	0.009364990069461905	0.018304879672969544	0.00020678959795717225	0.0	7.60176794610309e-05	1.0121791419398214	0.0	0.0	0.0	0.0	0.0	0.0005432063293868818	0.0	4.5096952625426815e-05	0.0	0.0	0.00042383251087885877	0.0
Cycle_59	0.1815216149135081	7.75444995873326e-06	0.0008719101336823591	0.0046182493270728806	0.009356047870427965	0.01794635811927224	0.00019184943644677034	0.0	6.943495057726942e-05	1.012094213359817	0.0	0.0	0.0	0.0	0.0	0.0005434432435949483	0.0	4.9733853979812056e-05	0.0	0.0	0.00042840042600314206	0.0
Cycle_60	0.18139310276479406	8.304653573729474e-06	0.0008833384161782084	0.004619248524610987	0.009316165623318799	0.018042639977887284	0.0002482255290823336	0.0	6.25054625699719e-05	1.012116054785235	0.0	0.0	0.0	0.0	0.0	0.0005442129849121599	0.0	4.781991012778309e-05	0.0	0.0	0.00043478524987162787	0.0
Cycle_61	0.18188028215237914	8.15444587515588e-06	0.0008798040131605011	0.004608418187805955	0.009392382349059775	0.017984807498465514	0.00017689625329428212	0.0	6.167131892897302e-05	1.0122329543808593	0.0	0.0	0.0	0.0	0.0	0.0005501643733054063	0.0	5.0515745220848674e-05	0.0	0.0	0.00041940856484363066	0.0
Cycle_62	0.1825738800461626	7.959588410548026e-06	0.0008831330633800544	0.004593011537043456	0.00938336586899026	0.017914243183542167	0.00017852644321665663	0.0	5.6789918647816726e-05	1.0122042215298384	0.0	0.0	0.0	0.0	0.0	0.0005522861346385848	0.0	4.42261686239196e-05	0.0	0.0	0.00042901148920595247	0.0
Cycle_63	0.18137799033267474	7.300373015350882e-06	0.0008884239787351539	0.004591157806151961	0.009391640577322679	0.018157648661699468	0.00020018944144813952	0.0	5.99562484524204e-05	1.012187819600967	0.0	0.0	0.0	0.0	0.0	0.0005526681120411707	0.0	4.865833112732357e-05	0.0	0.0	0.00043321646630348134	0.0
Cycle_64	0.18212820108687397	7.781593386405876e-06	0.0008902964620722255	0.00458893836048988	0.00924481828636012	0.017827005091022172	0.00019414214756624637	0.0	5.4169157143538114e-05	1.0121639139024095	0.0	0.0	0.0	0.0	0.0	0.0005544943235626036	0.0	4.4888584298330796e-05	0.0	0.0	0.00043296939511980765	0.0
Cycle_65	0.18009337155262606	7.5011458944015765e-06	0.0008635675964366416	0.004558908578548995	0.009352975505907756	0.018137692817507968	0.00021374030023726376	0.0	5.7130605747717885e-05	1.0121610129983536	0.0	0.0	0.0	0.0	0.0	0.000552863005252799	0.0	4.384458911839261e-05	0.0	0.0	0.00043253493637620405	0.0
Cycle_66	0.18271922968489301	8.050701433618065e-06	0.0008730281102048522	0.004552576609868197	0.009371179966507204	0.01791917436011422	0.0001811703462949199	0.0	5.148800218771108e-05	1.0120866991495414	0.0	0.0	0.0	0.0	0.0	0.000544374157916102	0.0	4.485982288409723e-05	0.0	0.0	0.0004365808807763933	0.0
Cycle_67	0.1819677918674841	7.780866848572291e-06	0.0008623614169063175	0.004515694872441123	0.00943072700696979	0.017891208535159984	0.00014507522540594932	0.0	5.0778193591741624e-05	1.0121405933374976	0.0	0.0	0.0	0.0	0.0	0.0005477017301690305	0.0	4.516258557151943e-05	0.0	0.0	0.00043443467598679506	0.0
Cycle_68	0.18346607863087105	8.768243452103457e-06	0.0008742398526021678	0.0045339381893769425	0.009568200797447649	0.018419748497197068	0.00018385095930016111	0.0	4.888857483900828e-05	1.0121677188532936	0.0	0.0	0.0	0.0	0.0	0.000550232831854467	0.0	4.8578753876203225e-05	0.0	0.0	0.00043292256707761336	0.0
Cycle_69	0.18486409034500728	7.983304699723497e-06	0.0008836059745283985	0.004537946399115579	0.009236059055052896	0.0183302624266321	0.0002582776166435487	0.0	5.6096705797672083e-05	1.0121809742546615	0.0	0.0	0.0	0.0	0.0	0.0005458010570906751	0.0	4.4332369926574475e-05	0.0	0.0	0.00043783003719415135	0.0
Cycle_70	0.18317845380076128	7.7240056941811e-06	0.0008519614227425411	0.004532767574118369	0.009416634768484578	0.01803826462471267	0.00015418041721668106	0.0	6.245318109415201e-05	1.0122144449989703	0.0	0.0	0.0	0.0	0.0	0.0005500055736622416	0.0	4.624231290213694e-05	0.0	0.0	0.0004295412076298984	0.0
Cycle_71	0.18250064178388803	8.110319948032888e-06	0.0009011697446289864	0.004533697327837588	0.009480670556454827	0.01799925618795343	0.00017475213022406064	0.0	5.2678628590058015e-05	1.0122356917951367	0.0	0.0	0.0	0.0	0.0	0.0005525761480354509	0.0	4.556746752093819e-05	0.0	0.0	0.0004254726580470639	0.0
Cycle_72	0.1844274878156603	8.38206640021679e-06	0.0008647116876154349	0.0045249726538707	0.009458794678187402	0.01800624756520852	0.00012344062335616012	0.0	5.075220908897379e-05	1.0121723083244172	0.0	0.0	0.0	0.0	0.0	0.0005467363697153417	0.0	4.997369411403101e-05	0.0	0.0	0.0004345136813049838	0.0
Cycle_73	0.1827684128325936	7.851540959847248e-06	0.0008263349419265287	0.004488783760838164	0.009509172190993747	0.018051070063120678	0.00011535101931116291	0.0	4.687111339535309e-05	1.0122223475338257	0.0	0.0	0.0	0.0	0.0	0.0005455401628077807	0.0	4.992006944694805e-05	0.0	0.0	0.00043085216233155056	0.0
Cycle_74	0.18504464020820832	8.357285535442204e-06	0.0008594323732413387	0.004472966214990788	0.009450813707359446	0.017893573198060828	0.00010840350493700295	0.0	4.44566921168552e-05	1.012273281717002	0.0	0.0	0.0	0.0	0.0	0.0005491237748554366	0.0	5.087272546322334e-05	0.0	0.0	0.0004358488194458911	0.0
Cycle_75	0.1846467133431257	8.148043942164285e-06	0.0008459896056085366	0.004458534139109288	0.009550005454266165	0.018072233071762485	0.00011668119671822586	0.0	4.509029543641735e-05	1.012194124138834	0.0	0.0	0.0	0.0	0.0	0.0005477037656535076	0.0	4.605332069386016e-05	0.0	0.0	0.00044410433068403947	0.0
Cycle_76	0.1850217940410345	8.152135830975578e-06	0.0008649951425184985	0.004478289667243635	0.00924999984989352	0.018074644813652285	0.0002568563018873606	0.0	4.2583989788651785e-05	1.0122287415315	0.0	0.0	0.0	0.0	0.0	0.0005505604447337729	0.0	4.4667055260090094e-05	0.0	0.0	0.00044264191599403997	0.0
Cycle_77	0.18469625150763327	8.278643443084695e-06	0.0008317508344957703	0.00445906197361588	0.009438931529248712	0.01800024144153568	0.000204077449849354	0.0	4.142671956340347e-05	1.012239582198905	0.0	0.0	0.0	0.0	0.0	0.0005486018568528563	0.0	4.18467255794829e-05	0.0	0.0	0.0004326381091850259	0.0
Cycle_78	0.18319995342889137	8.735617277366054e-06	0.0008489523073664788	0.004482911785658043	0.009382804847602996	0.018076421572687306	0.00023322036543034039	0.0	7.555704646708301e-05	1.0121747576623656	0.0	0.0	0.0	0.0	0.0	0.0005392390061032225	0.0	4.7607776485589456e-05	0.0	0.0	0.00044227045613251916	0.0
Cycle_79	0.18268910573914446	7.959556497680333e-06	0.0008307005202091371	0.004522968403985408	0.009480781828873184	0.01814026352329987	0.0001489282864458069	0.0	7.361286910270427e-05	1.0121742920812695	0.0	0.0	0.0	0.0	0.0	0.0005418194436221811	0.0	4.593982807395649e-05	0.0	0.0	0.0004454872259649834	0.0
Cycle_80	0.18343483802724983	7.452675282104292e-06	0.0008724160017029751	0.004550693057031316	0.009288182648150184	0.018555841561919025	0.0003200594110890716	0.0	7.632382903407255e-05	1.0121981160710491	0.0	0.0	0.0	0.0	0.0	0.0005421337022099882	0.0	4.342313931362502e-05	0.0	0.0	0.0004455446007249221	0.0
Cycle_81	0.18309934709280667	7.815639815477557e-06	0.0008326648203213523	0.00451765741851705	0.009517099629177345	0.01823295952354854	0.00015660148167377712	0.0	7.15676048950599e-05	1.0121648540784314	0.0	0.0	0.0	0.0	0.0	0.0005405497104015046	0.0	4.38108485153911e-05	0.0	0.0	0.0004449168847828669	0.0
Cycle_82	0.18414704826915687	7.850380005357154e-06	0.0008717102535923489	0.004527772190066906	0.009588278347276399	0.018115520975025844	0.00013758559430015804	0.0	6.549284753621871e-05	1.0122718110204654	0.0	0.0	0.0	0.0	0.0	0.0005459007285252857	0.0	4.3408761983456165e-05	0.0	0.0	0.00043701333365079654	0.0
Cycle_83	0.1827521395245022	8.361116757253956e-06	0.0008550437200126763	0.0045268348414753135	0.009444063486549605	0.018251581978718255	0.0002435586860040385	0.0	7.248128526415544e-05	1.0122195313946243	0.0	0.0	0.0	0.0	0.0	0.0005449542556589516	0.0	4.7822720911593534e-05	0.0	0.0	0.00044749503958410055	0.0
Cycle_84	0.18252325521939108	8.566428031734514e-06	0.0008379569623769377	0.004511205506530483	0.009435550875672693	0.018148708756567294	0.00015432822442331364	0.0	6.499685578990735e-05	1.0122225971423155	0.0	0.0	0.0	0.0	0.0	0.0005460536827641849	0.0	4.3793117557668805e-05	0.0	0.0	0.00044761397928677236	0.0
Cycle_85	0.18363089945483554	6.991643291183643e-06	0.00083676281756959	0.004499122694892431	0.009540142424447192	0.01825343529191257	0.00022700688417708992	0.0	6.845083562263764e-05	1.0122028621354373	0.0	0.0	0.0	0.0	0.0	0.0005411245926216579	0.0	4.2707859482543434e-05	0.0	0.0	0.00044255249387653524	0.0
Cycle_86	0.1848498056715062	7.849636852377678e-06	0.000823218056172116	0.0044729692598660005	0.009525578050925656	0.018120123977008035	0.00017671904859535822	0.0	5.446928282621693e-05	1.0122079473012981	0.0	0.0	0.0	0.0	0.0	0.0005370087010182293	0.0	4.315386060887091e-05	0.0	0.0	0.00045528008652527324	0.0
Cycle_87	0.18357142816599853	7.372524534211595e-06	0.0008234390942914676	0.004476265054540547	0.009563633995315539	0.018148999754524914	0.00017790399245642955	0.0	5.384653944184155e-05	1.01221248048915	0.0	0.0	0.0	0.0	0.0	0.0005411949327459054	0.0	4.2855023118400513e-05	0.0	0.0	0.0004524247902291788	0.0
Cycle_88	0.18424754335391497	7.976663682665663e-06	0.0008799317108904015	0.004469294956790722	0.009471941787550153	0.018108818743530066	0.00020999015446968334	0.0	5.042366597603194e-05	1.0122158256181537	0.0	0.0	0.0	0.0	0.0	0.0005373290063999491	0.0	4.7378500159563484e-05	0.0	0.0	0.00044773701050283664	0.0
Cycle_89	0.18498873865101897	7.946521532290332e-06	0.0008445966137047127	0.004444944852746788	0.009523098220428274	0.01806170779657935	0.00016486032068026594	0.0	4.577957380956632e-05	1.0122668358829954	0.0	0.0	0.0	0.0	0.0	0.0005394304745343139	0.0	4.607317137223507e-05	0.0	0.0	0.000442848159682714	0.0
Cycle_90	0.18406250803727137	8.114820443174538e-06	0.0008425844041823481	0.004453431770166881	0.009448563119528347	0.017900414113446377	0.0001355737348613068	0.0	4.807309136974147e-05	1.0121896753342818	0.0	0.0	0.0	0.0	0.0	0.0005365584177984833	0.0	4.522664707611018e-05	0.0	0.0	0.0004465096110252815	0.0
Cycle_91	0.18443654865002002	7.74147652468513e-06	0.0008781332230489886	0.004439184799704045	0.0094349234300681	0.0178722248919536	0.00014798147527844506	0.0	4.9215151244171384e-05	1.0121747656824331	0.0	0.0	0.0	0.0	0.0	0.0005410221858268415	0.0	4.4233093442432226e-05	0.0	0.0	0.0004550604291169459	0.0
Cycle_92	0.18369187606220305	7.938807240803315e-06	0.0008590988436008851	0.00443351019627779	0.009531777315007026	0.017992220472162024	0.00012180418029889262	0.0	4.4677518417167456e-05	1.01221076047595	0.0	0.0	0.0	0.0	0.0	0.0005412761716597998	0.0	4.393934833547781e-05	0.0	0.0	0.0004487149389104939	0.0
Cycle_93	0.18442318894121687	8.297120119399772e-06	0.0008640971385373099	0.00441464423976311	0.009664653418948831	0.018054734873582817	9.334360514355768e-05	0.0	4.108241327344382e-05	1.0121755121353482	0.0	0.0	0.0	0.0	0.0	0.0005416944253918577	0.0	4.228238202123675e-05	0.0	0.0	0.0004707338893926913	0.0
Cycle_94	0.18404733442120533	8.496317614316557e-06	0.0008467202657462709	0.004403282529698329	0.009644483840475494	0.017939578311262444	8.796454471343382e-05	0.0	3.909372630165401e-05	1.0121837512318868	0.0	0.0	0.0	0.0	0.0	0.0005411663240595986	0.0	3.954148135689625e-05	0.0	0.0	0.0004555825059292126	0.0
Cycle_95	0.18390411540669663	7.920470452783738e-06	0.0008636210771692178	0.004404635666139403	0.009485310020493827	0.018381499336275028	0.00011483773743649204	0.0	4.4170056711923134e-05	1.0121789585154826	0.0	0.0	0.0	0.0	0.0	0.0005455865852582119	0.0	4.19451666162883e-05	0.0	0.0	0.00046194892670606947	0.0
Cycle_96	0.18388123351053598	8.559783276024877e-06	0.0008657081309294622	0.004400203434511084	0.009584086232115017	0.017907753755596004	0.00012052667739752455	0.0	4.492335994517291e-05	1.0122198596926981	0.0	0.0	0.0	0.0	0.0	0.0005506049792012346	0.0	3.947667096733395e-05	0.0	0.0	0.000453405310775648	0.0
Cycle_97	0.184507085189066	7.464701776286709e-06	0.000855581042942226	0.004417566075605647	0.009520763868359837	0.017980622975647908	0.00013298804405916583	0.0	3.622440664090412e-05	1.0123006395329377	0.0	0.0	0.0	0.0	0.0	0.0005484010095405797	0.0	4.9802658594539536e-05	0.0	0.0	0.0004503096882783332	0.0
Cycle_98	0.18637154941994785	8.137492979311692e-06	0.0008725111832853349	0.004374678185290613	0.009555658060692643	0.0179297797405391	0.00010464302344611412	0.0	3.3110373831752114e-05	1.0122179811138319	0.0	0.0	0.0	0.0	0.0	0.0005444973919939451	0.0	4.302671393770725e-05	0.0	0.0	0.00044827437599133515	0.0
Cycle_99	0.1836554791799858	8.157701149081677e-06	0.0008754106030542362	0.0043813699685906074	0.00963877817515584	0.017833601486108953	0.00011084529206612054	0.0	3.1706962992752e-05	1.0121673928920325	0.0	0.0	0.0	0.0	0.0	0.0005370234641252428	0.0	4.154540232011448e-05	0.0	0.0	0.0004657137154490417	0.0
Cycle_100	0.18648609664795066	9.099157834771556e-06	0.0008839690181700708	0.004355737820114393	0.009565558879362467	0.018011179051612404	0.00011585568513673959	0.0	2.7982902786146574e-05	1.0122785419291036	0.0	0.0	0.0	0.0	0.0	0.0005435207511110465	0.0	4.2107564755120445e-05	0.0	0.0	0.00046136437329595624	0.0
Cycle_101	0.1866749048198502	7.48385259963046e-06	0.0008564869535356513	0.0043504336469457755	0.009460915725050523	0.01791778984451711	0.00012886392876178913	0.0	2.7004349675666146e-05	1.0122067997242472	0.0	0.0	0.0	0.0	0.0	0.0005427197881358037	0.0	3.851894516755804e-05	0.0	0.0	0.00046374129784520053	0.0
Cycle_102	0.18172135443374526	8.016459358657951e-06	0.0008579937170956239	0.00434131660806783	0.009529623524771751	0.01792078673985071	0.00010256859291296932	0.0	2.5132393712027995e-05	1.012238969792463	0.0	0.0	0.0	0.0	0.0	0.0005421027455491666	0.0	3.7276183670403946e-05	0.0	0.0	0.00045886113888689344	0.0
Cycle_103	0.18452561018715416	8.654530295672368e-06	0.0008807547860048921	0.004289461598082035	0.009498261536006414	0.01784041766789142	0.00012545746228544616	0.0	2.373732866154244e-05	1.0119628133576721	0.0	0.0	0.0	0.0	0.0	0.0005394807316189735	0.0	3.179438939527654e-05	0.0	0.0	0.00048778795625592264	0.0
Cycle_104	0.18437564047711383	8.18448396220018e-06	0.0008555092341933317	0.004296129911872157	0.009403996934915528	0.017711862839364507	0.00011062025935919887	0.0	2.5631581750976824e-05	1.012208652462229	0.0	0.0	0.0	0.0	0.0	0.0005417782551060082	0.0	3.878409880006956e-05	0.0	0.0	0.00046098453006104806	0.0
Cycle_105	0.18632270690985858	8.152720361607375e-06	0.0008924565999072774	0.0043477296290485926	0.009620238273526968	0.017747180229729334	0.00011741737259037171	0.0	2.5178478049888244e-05	1.0122430746055242	0.0	0.0	0.0	0.0	0.0	0.0005423101091486881	0.0	3.498829696426787e-05	0.0	0.0	0.00046816532522295196	0.0
Cycle_106	0.18465546893093757	8.089933107454719e-06	0.0008799926940505649	0.004286273688015511	0.009579837523745038	0.017720539680863043	8.385919776770645e-05	0.0	2.313505651741132e-05	1.0119336561392973	0.0	0.0	0.0	0.0	0.0	0.0005290224856053889	0.0	3.514648342093775e-05	0.0	0.0	0.0004695767965863375	0.0
Cycle_107	0.18629237474474927	8.325017395527077e-06	0.0008762238767861037	0.004293262158154174	0.009710038829662848	0.01805880821000173	6.7055236438323e-05	0.0	2.2462603052837098e-05	1.0122331821945585	0.0	0.0	0.0	0.0	0.0	0.0005445955373328462	0.0	3.9422445045861766e-05	0.0	0.0	0.0004638351119035064	0.0
Cycle_108	0.18718976196490683	9.720558993916703e-06	0.0008724995076336367	0.004319756731089536	0.009581549256902773	0.018114547725915652	0.00010663378954936643	0.0	2.0580878756771895e-05	1.0122924915233003	0.0	0.0	0.0	0.0	0.0	0.0005400695586108012	0.0	4.374636010008632e-05	0.0	0.0	0.00046590971576057806	0.0
Cycle_109	0.18552122896795448	8.030782835440966e-06	0.0008971954335110611	0.004302446900908467	0.0095656269702596	0.017681548891375555	9.300248289967679e-05	0.0	2.0179547303019048e-05	1.0120269526311918	0.0	0.0	0.0	0.0	0.0	0.0005428032302819542	0.0	3.5660356697812096e-05	0.0	0.0	0.00046719182567839815	0.0
Cycle_110	0.1878734192456387	7.564237654384072e-06	0.0008611818927299164	0.00432807218429117	0.009681315116319283	0.017993691296475774	9.185332307534803e-05	0.0	1.56268115069809e-05	1.0121981939886315	0.0	0.0	0.0	0.0	0.0	0.0005423455190713883	0.0	4.1153189322404525e-05	0.0	0.0	0.0004637792589709932	0.0
Cycle_111	0.1866473145400879	7.983812054888105e-06	0.0008548850154314566	0.0043205556576289906	0.009598588778501546	0.018056851051375528	0.00012018102546938453	0.0	1.5752871208335248e-05	1.0122695993510704	0.0	0.0	0.0	0.0	0.0	0.000539089859137668	0.0	4.0178638767728375e-05	0.0	0.0	0.0004724959670540783	0.0
Cycle_112	0.18654487622073018	7.87300784630611e-06	0.000849259591089573	0.0043147207606008394	0.009511906838083378	0.017956643279368325	0.0001641423774163103	0.0	1.6594989252242755e-05	1.0122561770015932	0.0	0.0	0.0	0.0	0.0	0.0005455543470814253	0.0	3.812073064042947e-05	0.0	0.0	0.00047124331254747693	0.0
Cycle_113	0.18787158706147	7.421018355624444e-06	0.0008847383831537409	0.004291486871830425	0.009681569190115558	0.018001364906599003	9.747227775191778e-05	0.0	1.0869991373034968e-05	1.0122132295030355	0.0	0.0	0.0	0.0	0.0	0.0005450122264547696	0.0	3.9598952688324947e-05	0.0	0.0	0.0004721918712174658	0.0
Cycle_114	0.18830790711926623	8.272300895644805e-06	0.0008909753475472229	0.004312822832795495	0.009671842464767494	0.01814484368646188	0.00013336191600830436	0.0	9.66953742658221e-06	1.01218275516264	0.0	0.0	0.0	0.0	0.0	0.000543802563791428	0.0	4.36357414210286e-05	0.0	0.0	0.0004645400396052574	0.0
Cycle_115	0.18982939486571146	8.12891024577913e-06	0.0008584249608676326	0.004308766593002996	0.009710045049512308	0.01789549592433882	0.00012610812229776208	0.0	8.330199860604664e-06	1.0122395450368236	0.0	0.0	0.0	0.0	0.0	0.0005404549372740015	0.0	3.588800225342868e-05	0.0	0.0	0.0004661753146929156	0.0
Cycle_116	0.18451444349130927	8.02995734040926e-06	0.0008650016124098355	0.0042680969351188295	0.009523903070700253	0.017929230976857988	0.0001522130906509389	0.0	8.808765895409212e-06	1.012097860264957	0.0	0.0	0.0	0.0	0.0	0.0005365756887606224	0.0	4.144908210539688e-05	0.0	0.0	0.00047455826007829406	0.0
Cycle_117	0.1859841154091016	7.3578686387876266e-06	0.000852751186092037	0.0042609795986847925	0.009573673590117971	0.017988341671215696	8.299678450150937e-05	0.0	8.603073123636233e-06	1.0122531868689972	0.0	0.0	0.0	0.0	0.0	0.0005400030623478448	0.0	3.872138368181612e-05	0.0	0.0	0.00047730911882113667	0.0
Cycle_118	0.1872027680927701	6.990180449892563e-06	0.0008321604057714999	0.00424772910239745	0.009634109317111153	0.01809196746938671	7.917961518279881e-05	0.0	6.262943061672168e-06	1.0121534641180854	0.0	0.0	0.0	0.0	0.0	0.0005419609157040864	0.0	3.813371046796413e-05	0.0	0.0	0.0004720032835417403	0.0
Cycle_119	0.18667211273165404	8.25782035436003e-06	0.000839174560444727	0.004273376528888388	0.009584520552522449	0.017847135990198198	7.573546428208529e-05	0.0	4.613706963010231e-06	1.0121000758492	0.0	0.0	0.0	0.0	0.0	0.0005398751962303291	0.0	3.855008982047741e-05	0.0	0.0	0.00047136914416190064	0.0
Cycle_120	0.18741237611587197	7.987199642256928e-06	0.0008917430305849442	0.004262821786516994	0.009487754570779479	0.018149883198765048	0.00016199984673511802	0.0	8.10114401801179e-06	1.01222976595126	0.0	0.0	0.0	0.0	0.0	0.000534974048150185	0.0	3.727234634971347e-05	0.0	0.0	0.00047519346049504477	0.0
Cycle_121	0.1852048110940788	7.3373927141667425e-06	0.0008909447449871391	0.004242660209727193	0.009707205166219462	0.017984213914610636	7.650603668987387e-05	0.0	4.831891553656208e-06	1.012076324646335	0.0	0.0	0.0	0.0	0.0	0.0005327613020937354	0.0	3.5171687591824975e-05	0.0	0.0	0.0004814885311525718	0.0
Cycle_122	0.18675669803765899	8.138504993755995e-06	0.0008880184873193215	0.004254222656295588	0.009598440447282232	0.017899387471365664	0.0001296325559397542	0.0	3.764208483441002e-06	1.0122076179944777	0.0	0.0	0.0	0.0	0.0	0.0005425361627395249	0.0	3.5499349092718207e-05	0.0	0.0	0.00047187898838709164	0.0
Cycle_123	0.18783149628675339	8.217670258685555e-06	0.0008823686843799863	0.0042801301633995726	0.009631985878823905	0.0179127326697109	6.981580854549219e-05	0.0	3.370123618275499e-06	1.0122179343204547	0.0	0.0	0.0	0.0	0.0	0.0005381802980550506	0.0	3.8494170362755974e-05	0.0	0.0	0.00047675716721926026	0.0
Cycle_124	0.18779840909119216	8.176629953602775e-06	0.0008939381426729696	0.004304281350914223	0.009522026842861967	0.018067481015293953	0.00014964024503980004	0.0	3.5849319123200987e-06	1.0122424554096217	0.0	0.0	0.0	0.0	0.0	0.0005450410197972925	0.0	3.716416945299906e-05	0.0	0.0	0.00047487289047199425	0.0
Cycle_125	0.1892730194502547	8.907034570973472e-06	0.0008762882806827679	0.004289357006824179	0.009625333694621575	0.018082666738207825	0.0001702440705512851	0.0	6.113096481191714e-06	1.012220442223847	0.0	0.0	0.0	0.0	0.0	0.0005457868569461246	0.0	3.8977286807919316e-05	0.0	0.0	0.00047663419812955934	0.0
Cycle_126	0.1900963470792747	8.2983185044837e-06	0.0008956857788975646	0.004263649400031306	0.009575266835890677	0.017903174351314808	0.00012038214283194739	0.0	2.892797538841936e-06	1.0122781338706888	0.0	0.0	0.0	0.0	0.0	0.0005445712895669769	0.0	4.139561446238872e-05	0.0	0.0	0.00047034471332340293	0.0
Cycle_127	0.18885783166381118	7.852853036635068e-06	0.0008857868493828261	0.004285605384862066	0.009831371065078089	0.0181780776840424	9.404516456539012e-05	0.0	1.7864392568268471e-06	1.012229077295672	0.0	0.0	0.0	0.0	0.0	0.000546167161589541	0.0	3.716679254296618e-05	0.0	0.0	0.00047606940587703714	0.0
Cycle_128	0.18972608322026288	8.17773353335526e-06	0.0008481735736775786	0.004287127843527979	0.0096030156026833	0.017981454386646317	8.298978732877074e-05	0.0	6.962181860367502e-07	1.0122329861903379	0.0	0.0	0.0	0.0	0.0	0.000546566538668994	0.0	3.0910869933976384e-05	0.0	0.0	0.00048232557184230433	0.0
Cycle_129	0.18706691501070674	8.170693289325198e-06	0.0008987430019633315	0.004266461341646356	0.00955426125756035	0.018079101659389203	0.00010595258155821285	0.0	9.557358569691413e-07	1.0121470295453339	0.0	0.0	0.0	0.0	0.0	0.0005413281795136005	0.0	2.9043018011534148e-05	0.0	0.0	0.00048872948129813	0.0
Cycle_130	0.18656907574447681	8.361327168944846e-06	0.0009014165186174061	0.004283877170880428	0.009436370078824426	0.018037965128367042	0.00015725954391138943	0.0	1.7142866845259166e-06	1.0122153154856166	0.0	0.0	0.0	0.0	0.0	0.0005455436446939265	0.0	4.148250765405798e-05	0.0	0.0	0.00046928000263623783	0.0
Cycle_131	0.18485270182529576	8.153798988097581e-06	0.0009158238673795731	0.004293041368201329	0.009563808802052584	0.01807185305713235	9.400527335356414e-05	0.0	6.836931499997931e-06	1.012124637526045	0.0	0.0	0.0	0.0	0.0	0.0005420472244753335	0.0	3.502894164012037e-05	0.0	0.0	0.0004834224613346299	0.0
Cycle_132	0.1864882447754132	8.371936308082519e-06	0.0008406335206768103	0.00430803095458987	0.009838156208771287	0.01804227807773552	5.1109109986567185e-05	0.0	9.862419717531665e-06	1.0121921228940334	0.0	0.0	0.0	0.0	0.0	0.0005400201347809304	0.0	3.6169617327749106e-05	0.0	0.0	0.0004844319714126413	0.0
Cycle_133	0.18729927166769525	7.828546524302792e-06	0.0008829239460573938	0.004292969535941762	0.009618897352007038	0.018051594464752345	5.830574216817708e-05	0.0	8.580519223081311e-06	1.0122985597146412	0.0	0.0	0.0	0.0	0.0	0.0005425269009433644	0.0	3.978103683138887e-05	0.0	0.0	0.00048157935790281583	0.0
Cycle_134	0.18937264745659893	8.83951648283888e-06	0.0008820179644101845	0.004296796352243035	0.009700787242905507	0.01820209931837891	6.410067538442677e-05	0.0	6.268442057450541e-06	1.0122195730054315	0.0	0.0	0.0	0.0	0.0	0.0005378078955147878	0.0	3.3378894329439624e-05	0.0	0.0	0.0004864873398698517	0.0
Cycle_135	0.18787807250724753	8.691626175605577e-06	0.0008158365077579535	0.004266928781942739	0.009737088867800078	0.01804632343010028	6.165530012789338e-05	0.0	5.223103648266729e-06	1.0121839004004762	0.0	0.0	0.0	0.0	0.0	0.000541114620668976	0.0	3.220869243317921e-05	0.0	0.0	0.000485354391734311	0.0
Cycle_136	0.18902512999009294	7.211134613063015e-06	0.0009285153765605681	0.00427397728896346	0.009906098248469655	0.018263051592575245	4.073891706592057e-05	0.0	5.964528610048508e-06	1.0121239607332473	0.0	0.0	0.0	0.0	0.0	0.0005374890039774421	0.0	3.049171318818457e-05	0.0	0.0	0.0004928430763914242	0.0
Cycle_137	0.18602003941175763	8.477222488641396e-06	0.0008539422083939316	0.004221655879692194	0.00947644166367593	0.018154489897514288	0.00018901980065794477	0.0	4.757286030634808e-06	1.0121451155363825	0.0	0.0	0.0	0.0	0.0	0.0005341023555699481	0.0	3.399300863628626e-05	0.0	0.0	0.0004883095084325537	0.0
Cycle_138	0.18703205915505663	7.432233639846544e-06	0.0008669253655899687	0.004221129725727282	0.00965644473966512	0.018047783348462004	2.6721528069779423e-05	0.0	4.02284754628335e-06	1.012243200534518	0.0	0.0	0.0	0.0	0.0	0.0005386019033329565	0.0	3.1009490001508865e-05	0.0	0.0	0.0004931427230936248	0.0
Cycle_139	0.18515161322738588	8.125510583771166e-06	0.0008572251363023708	0.0042111933391103295	0.009485827576588954	0.017780026072809704	8.311752595736942e-05	0.0	2.088907996430861e-06	1.0120933091745767	0.0	0.0	0.0	0.0	0.0	0.0005327793904538875	0.0	1.9370623604935156e-05	0.0	0.0	0.0005122519974731257	0.0
Cycle_140	0.1538611186443926	9.333487676289368e-06	0.00043353486461064725	0.006569524708873799	0.0062814522033837784	0.04548773296958522	0.0001530862510742959	0.00025468977255523045	0.005230871624292992	1.0120333713660044	0.0	0.0	0.0	0.0	0.0	0.0007420137095539679	0.0018101189057268834	0.0	0.0	0.0	0.00045576348533724753	0.0
